
state={
	id=1
	name="STATE_1"
    resources={
        aluminium=100.000
        steel=100.000
        oil=100.000
		aluminium=100.000
		rubber=100.000
		tungsten=100.000
		chromium=100.000
    }
	
	provinces={
		35 41 72 89 161 168 183 195 213 251 263 278 284 289 324 328 352 359 361 410 411 412 450 457 552 570 594 659 674 730 743 750 752 762 781 791 813 892 914 930 963 974 1018 1032 1056 1188 1203 1245 1250 1274 1282 1345 1354 1404 1416 1457 1529 1581 1624 1645 1652 1668 1727 1740 1834 1839 1845 1861 1893 1978 2042 2070 2114 2118 2144 2173 2204 2311 2378 2535 2612 2670 2707 2742 2769 2776 2788 2805 2814 2817 2865 2874 2925 2945 2999 3035 3112 3118 3128 3136 3138 3204 3283 3307 3328 3354 3366 3370 3460 3462 3463 3481 3486 3557 3656 3702 3709 3730 3817 3825 3863 3864 3905 3933 3991 4013 4021 4056 4073 4126 4143 4179 4197 4207 4285 4314 4323 4356 4363 4385 4395 4422 4441 4450 4516 4527 4543 4561 4620 4653 4747 4757 4758 4786 4861 5002 5033 5054 5063 5156 5185 5194 5219 5274 5289 5319 5388 5410 5451 5471 5505 5522 5545 5578 5665 5679 5694 5723 5759 5801 5870 5888 5908 5934 5965 5973 6058 6067 6077 6100 6110 6117 6167 6187 6204 6231 6247 6250 6252 6312 6346 6472 6533 6578 6650 6703 6787 6849 6884 6917 6980 6986 7026 7231 7243 7311 7314 7330 7335 7373 7376 7536 7604 7633 7646 7760 7768 7769 7778 7801 7806 7828 7849 7875 7889 7920 7968 7970 8040 8146 8211 8319 8367 8418 8549 8644 8683 8788 8846 8875 8954 8987 9017 9071 9177 9192 9214 9296 9323 9356 9476 9477 9501 9511 9521 9523 9526 9539 9552 9553 9557 9560 9564 9572 9582 9588 9598 9613 9614 9619 9626 9632 9636 9637 9646 9654 9655 9658 9668 9672 9691 9693 9699 9704 9707 9713 9718 9722 9730 9733 9738 9747 9748 9751 9752 9756 9758 9765 9774 9779 9784 9798 9799 9803 9826 9834 9842 9849 9856 9860 9869 9872 9897 9907 16859 16871 16966 17018 17034 17035 17036 17037 
	}
    
    history={
		owner = GER
		add_core_of = GER
	}
    
	manpower=80974632
	state_category=town
	buildings_max_level_factor=1.000
}
