
state={
	id=13
	name="STATE_13"

	history={
		owner = SER
        buildings = {
            infrastructure = 5
            arms_factory = 7
            industrial_complex = 7
        }
		add_core_of = SER

	}

	provinces={
		13 50 55 67 127 144 190 191 214 221 228 269 295 296 310 315 322 325 356 370 380 433 514 558 577 589 626 646 676 679 685 692 726 740 769 810 812 818 830 888 904 912 931 941 966 973 984 1004 1013 1030 1066 1094 1107 1126 1142 1200 1221 1265 1266 1279 1290 1308 1315 1321 1337 1362 1382 1387 1394 1411 1440 1446 1453 1454 1460 1466 1483 1510 1518 1528 1539 1580 1627 1629 1639 1642 1664 1687 1701 1707 1723 1746 1762 1774 1790 1798 1813 1883 1901 1906 1955 1990 1997 2053 2057 2117 2133 2136 2147 2165 2169 2171 2185 2200 2201 2209 2217 2236 2274 2304 2351 2375 2382 2392 2413 2422 2424 2445 2452 2484 2499 2506 2534 2538 2540 2574 2577 2582 2598 2636 2639 2701 2729 2739 2741 2763 2765 2768 2778 2801 2812 2813 2819 2830 2834 2881 2891 2897 2903 2905 2908 2912 2913 2941 2954 2979 2984 2987 2990 2991 2995 3005 3011 3015 3024 3031 3038 3053 3055 3059 3067 3071 3079 3085 3097 3098 3102 3115 3122 3134 3148 3164 3167 3170 3212 3219 3253 3269 3279 3294 3295 3303 3317 3320 3325 3340 3347 3360 3384 3387 3401 3426 3434 3437 3446 3457 3473 3483 3488 3496 3504 3505 3516 3519 3521 3522 3523 3535 3540 3553 3563 3564 3573 3616 3617 3674 3695 3699 3704 3710 3753 3765 3768 3782 3793 3800 3822 3827 3828 3829 3832 3834 3843 3848 3857 3874 3877 3887 3904 3917 3930 3993 4001 4002 4008 4048 4059 4061 4065 4100 4104 4105 4108 4112 4121 4122 4135 4153 4163 4177 4180 4194 4214 4259 4261 4263 4267 4280 4284 4291 4299 4308 4318 4320 4335 4336 4339 4347 4351 4359 4373 4375 4380 4399 4414 4416 4423 4447 4453 4457 4463 4498 4513 4521 4522 4525 4557 4573 4599 4609 4611 4615 4629 4646 4648 4685 4702 4716 4717 4719 4744 4754 4763 4777 4782 4791 4833 4837 4838 4840 4843 4853 4868 4872 4876 4894 4899 4900 4905 4919 4928 4932 4937 4946 4947 4954 4957 4965 4976 4982 4987 5000 5009 5027 5037 5066 5071 5075 5077 5081 5084 5090 5095 5099 5100 5108 5111 5115 5142 5145 5164 5183 5207 5212 5218 5229 5246 5252 5259 5268 5285 5291 5293 5300 5308 5325 5334 5350 5359 5360 5367 5369 5376 5378 5389 5395 5406 5433 5434 5435 5439 5440 5449 5463 5473 5478 5480 5488 5526 5532 5533 5583 5586 5602 5610 5616 5621 5624 5652 5656 5662 5672 5680 5698 5700 5704 5711 5715 5717 5721 5732 5736 5740 5746 5747 5754 5768 5770 5789 5803 5807 5808 5813 5823 5833 5842 5852 5857 5866 5880 5885 5893 5899 5900 5905 5911 5915 5931 5949 5964 5967 5970 5974 5979 5987 6030 6035 6039 6054 6065 6071 6076 6090 6093 6128 6135 6142 6147 6150 6151 6162 6179 6211 6220 6229 6230 6279 6291 6295 6315 6324 6330 6334 6339 6356 6357 6358 6360 6398 6404 6416 6419 6430 6449 6451 6461 6465 6486 6487 6496 6505 6527 6535 6539 6542 6548 6553 6557 6559 6566 6584 6587 6588 6592 6600 6602 6607 6613 6616 6635 6647 6654 6666 6670 6700 6706 6714 6719 6754 6762 6773 6774 6780 6784 6785 6796 6809 6811 6827 6836 6838 6845 6855 6857 6860 6861 6863 6867 6879 6883 6890 6910 6914 6933 6943 6979 7020 7024 7025 7029 7031 7041 7049 7054 7061 7065 7071 7072 7074 7080 7084 7086 7112 7124 7128 7138 7163 7183 7184 7187 7197 7205 7211 7216 7238 7241 7242 7244 7245 7260 7273 7293 7303 7319 7342 7348 7354 7358 7389 7392 7403 7405 7406 7410 7432 7440 7459 7460 7467 7473 7485 7497 7502 7513 7518 7532 7534 7539 7540 7543 7550 7552 7565 7571 7583 7589 7596 7601 7605 7607 7609 7614 7617 7626 7629 7634 7637 7655 7667 7677 7695 7696 7705 7709 7715 7717 7720 7725 7727 7736 7737 7745 7753 7756 7763 7771 7783 7787 7788 7792 7799 7807 7815 7816 7825 7827 7829 7837 7843 7844 7859 7861 7868 7870 7871 7874 7876 7883 7884 7894 7904 7917 7922 7927 7934 7939 7945 7953 7956 7957 7959 7962 7966 7974 7976 7983 7996 7998 7999 8009 8014 8017 8018 8027 8030 8042 8043 8044 8052 8059 8064 8074 8076 8078 8080 8085 8093 8095 8107 8109 8117 8152 8164 8173 8175 8181 8185 8186 8210 8216 8222 8228 8232 8250 8257 8259 8270 8284 8287 8295 8313 8329 8333 8335 8336 8343 8347 8348 8351 8352 8355 8363 8368 8369 8379 8386 8392 8396 8398 8406 8407 8413 8423 8425 8428 8433 8442 8449 8459 8464 8465 8466 8478 8479 8480 8481 8493 8516 8522 8524 8525 8538 8558 8570 8577 8582 8584 8594 8595 8599 8601 8602 8611 8616 8626 8627 8630 8635 8642 8645 8656 8664 8665 8677 8682 8690 8695 8703 8704 8708 8716 8719 8728 8730 8734 8736 8737 8743 8744 8748 8750 8752 8770 8779 8783 8785 8789 8793 8797 8800 8807 8808 8814 8826 8829 8834 8841 8842 8848 8855 8861 8864 8881 8909 8926 8927 8931 8940 8959 8965 8969 8974 8978 8989 8990 8998 9003 9005 9019 9021 9022 9036 9045 9046 9056 9057 9064 9065 9068 9070 9073 9083 9085 9111 9135 9142 9143 9146 9150 9155 9158 9168 9169 9174 9178 9181 9185 9186 9194 9196 9197 9198 9201 9203 9212 9225 9232 9236 9237 9238 9244 9250 9259 9270 9279 9301 9303 9311 9325 9329 9332 9339 9347 9366 9367 9374 9380 9382 9392 9396 9406 9433 9439 9442 9444 9456 9458 9459 9471 10370 10419 10422 10428 10451 10458 10461 10470 10482 10490 10502 10503 10517 10520 10526 10529 10538 10540 10542 10549 10553 10564 10569 10571 10572 10573 10578 10580 10583 10588 10604 10613 10614 10615 10627 10628 10637 10638 10641 10645 10648 10653 10656 10661 10665 10666 10667 10674 10677 10681 10682 10687 10689 10691 10697 10700 10701 10706 10707 10708 10720 10721 10723 10724 10731 10732 10734 10737 10740 10745 10746 10748 10749 10757 10762 10770 10776 10781 10782 10784 10790 10793 10801 10804 10808 10810 10812 10813 10816 10817 10818 10821 10831 10840 10846 10847 10848 10856 10860 10863 10868 10870 10871 10875 10876 10877 10882 10885 10893 10895 10899 10901 10903 10914 10929 10930 10936 10942 10945 10946 10949 10952 10954 10955 10963 10964 10967 10971 10972 10973 10974 10979 10980 10981 10985 10989 10992 10995 11003 11004 11007 11008 11009 11011 11014 11019 11020 11022 11024 11030 11031 11038 11043 11045 11046 11056 11057 11058 11060 11066 11067 11068 11070 11074 11079 11081 11082 11085 11088 11092 11095 11096 11097 11098 11104 11106 11112 11113 11118 11119 11120 11124 11131 11132 11137 11142 11143 11146 11151 11155 11156 11161 11162 11163 11171 11173 11175 11183 11187 11188 11189 11192 11193 11198 11200 11201 11206 11207 11209 11210 11213 11214 11215 11218 11219 11225 11226 11228 11229 11230 11232 11233 11237 11241 11242 11251 11261 11262 11263 11264 11270 11272 11276 11277 11280 11281 11282 11286 11292 11293 11296 11301 11304 11308 11311 11315 11317 11318 11327 11331 11332 11333 11339 11343 11347 11350 11351 11352 11353 11354 11363 11367 11368 11369 11377 11378 11379 11381 11382 11383 11387 11388 11390 11391 11400 11403 11404 11407 11408 11409 11410 11416 11420 11422 11425 11426 11428 11431 11437 11438 11439 11443 11444 11446 11447 11449 11450 11453 11454 11455 11456 11472 11459 11463 11464 11465 11467 11471 11477 11478 11479 11483 11484 11493 11496 11497 11498 11500 11508 11510 11511 11512 11514 11515 11517 11521 11522 11523 11524 11525 11526 11534 11535 11538 11542 11544 11548 11549 11550 11555 11556 11558 11560 11562 11564 11565 11566 11570 11571 11572 11575 11576 11579 11582 11583 11585 11588 11589 11590 11595 11597 11598 11601 11602 11604 11607 11611 11612 11614 11615 11616 11619 11623 11624 11631 11632 11633 11635 11638 11643 11644 11645 11646 11647 11650 11652 11653 11657 11658 11659 11661 11663 11664 11667 11668 11669 11677 11678 11679 11680 11681 11682 11683 11684 11685 11686 11688 11689 11690 11695 11696 11700 11702 11703 11704 11705 11708 11709 11712 11713 11719 11723 11726 11727 11728 11734 11735 11738 11739 11740 11748 11751 11755 11758 11759 11760 11761 11764 11765 11771 11774 11776 11777 11778 11786 11789 11793 11798 11799 11807 11808 11810 11814 11815 11816 11817 11821 11822 11823 11833 11837 11840 11842 11844 11847 11849 11852 11856 11857 11858 11861 11863 11868 11871 11873 11874 11875 11879 11880 11888 11891 11893 11897 11900 11904 11905 11906 11907 11915 11916 11918 11921 11922 11925 11926 11933 11934 11936 11938 11939 11942 11943 11946 11947 11952 11953 11957 11959 11964 11967 11969 11970 11972 11973 11975 11978 11979 11983 11985 11986 11989 11990 11995 11998 12004 12005 12006 12007 12010 12011 12012 12016 12021 12022 12023 12024 12028 12029 12036 12039 12040 12041 12043 12045 12046 12050 12051 12052 12055 12056 12057 12062 12063 12065 12066 12072 12075 12082 12084 12085 12086 12087 12088 12089 12092 12093 12094 12096 12103 12104 12105 12110 12114 12115 12117 12122 12123 12127 12128 12131 12132 12136 12138 12139 12143 12146 12147 12152 12154 12155 12156 12159 12160 12163 12164 12166 12167 12170 12171 12176 12177 12178 12180 12185 12187 12190 12194 12195 12198 12199 12201 12203 12204 12205 12206 12210 12211 12212 12222 12225 12228 12229 12231 12235 12239 12243 12244 12247 12248 12249 12251 12256 12257 12261 12264 12268 12270 12272 12273 12274 12278 12280 12281 12282 12285 12288 12289 12294 12296 12298 12306 12307 12308 12309 12310 12312 12314 12315 12316 12318 12319 12320 12323 12325 12328 12329 12332 12336 12337 12340 12343 12344 12348 12349 12350 12351 12357 12358 12359 12365 12366 12368 12369 12372 12376 12382 12383 12386 12389 12392 12394 12395 12396 12398 12401 12402 12405 12408 12410 12412 12414 12417 12420 12422 12423 12424 12425 12426 12430 12431 12433 12436 12441 12444 12445 12448 12451 12452 12457 12460 12461 12462 12463 12464 12465 12467 12469 12470 12472 12473 12478 12480 12482 12483 12485 12486 12487 12488 12489 12490 12491 12493 12495 12500 12505 12507 12510 12512 12515 12517 12518 12519 12520 12522 12524 12525 12527 12529 12533 12534 12535 12539 12546 12548 12549 12550 12553 12554 12558 12564 12565 12567 12568 12570 12572 12574 12580 12582 12583 12585 12586 12589 12591 12601 12602 12603 12608 12609 12616 12617 12624 12635 12638 12646 12649 12650 12653 12663 12664 12668 12669 12670 12679 12688 12689 12695 12699 12700 12707 12708 12717 12721 12725 12742 12754 12774 12785 12786 12790 12796 12797 12809 12819 12820 12827 12838 12843 12844 12850 12853 12854 12861 12864 12871 12890 12899 12916 12926 
	}
	manpower=7646424
	buildings_max_level_factor=1.000
	state_category=town
}
