
state={
	id=3
	name="STATE_3"
	provinces={
		106 149 160 197 202 270 441 447 576 596 688 836 876 920 940 957 1026 1108 1134 1141 1355 1381 1403 1444 1479 1576 1607 1660 1779 1812 1924 1928 1979 2045 2084 2142 2312 2350 2442 2516 2593 2699 2747 3088 3276 3391 3599 3625 3629 3763 3928 4128 4260 4344 4446 4518 4566 4579 4887 4934 4961 4975 4978 5327 5374 5387 5503 5589 5765 5919 6017 6062 6485 6564 6573 6577 6664 6759 6846 7146 7268 7315 7521 7679 8163 8531 8647 8667 8681 8760 9044 9058 9195 9484 9485 9486 9487 9488 9489 9490 9497 9499 9506 9510 9517 9518 9527 9533 9536 9537 9540 9542 9544 9549 9554 9571 9574 9578 9579 9581 9585 9586 9593 9609 17022 17159 
	}
    
    history={
		owner = POL
		add_core_of = POL
	}
    
	manpower=38418108
	state_category=town
	buildings_max_level_factor=1.000
}
