3 35 7637 12039 7720 3097 12146 7124 12247 12261 931 12318 9442 12398 12401 8998 12472 5367 7781 6361 5566 12606 7361 3550 12652 12684 7360 12752 6262 12834 6843 1512 7415 9251 2733 9447 6294 
3 9 1512 9123 12845 8988 12802 2514 12745 7094 12691 
3 16 6182 13054 4896 844 13007 4062 5519 13056 13075 9104 13114 3062 5247 13173 13192 13231 
3 10 6182 13045 3364 2158 12989 12971 12966 12961 5266 174 
3 7 6182 13045 5726 13091 6184 8001 2355 
3 11 2355 7297 8246 5097 13122 3937 4110 13098 3708 13072 4568 
3 13 2355 13145 13180 4119 7121 7345 5344 2511 7590 5541 13324 2691 13360 
3 9 2355 2997 720 13174 7252 9337 13241 7104 13273 
3 7 13273 7170 13294 13321 13301 4072 150 
3 3 13321 5844 48 
3 4 48 8975 6865 8507 
3 14 6182 8982 12983 111 12953 8271 12907 12889 2407 12842 12824 7289 12775 12762 
3 6 12762 6911 12740 1944 12654 6048 
3 10 12775 5929 12765 12763 7818 6202 272 12761 9092 6931 
3 9 6202 8311 7668 12840 6080 4796 8863 614 5123 
3 6 12762 12744 12716 3963 8046 12625 
3 18 12971 3179 8018 2484 5586 12843 12819 9311 4291 12785 8186 12689 12669 12650 7966 5721 12583 12564 
3 6 12564 5376 12500 12462 269 8413 
3 17 8413 4447 12376 12383 8343 12396 295 12436 12392 3148 12431 1466 12465 7953 12529 5488 9255 
3 15 12625 12570 9392 6827 12461 12430 296 12423 3765 8808 1901 6128 12441 12445 269 
3 10 8413 4899 12310 12264 2912 12231 12225 12195 6587 3437 
3 13 3437 12180 12211 3573 3828 12185 12131 12139 8449 12167 7607 5406 4380 
3 14 6048 6088 7091 8269 3165 6266 12402 7354 12328 5463 12235 2351 4259 4380 
3 12 5406 12089 12065 12043 4112 11969 5885 6796 2990 8570 7187 11810 
3 13 3437 12114 6670 11983 1453 7837 11942 11907 11875 8525 6616 7709 11810 
3 9 7709 5711 11682 8797 11590 11542 4777 11478 11453 
3 10 11478 11484 8336 2236 2905 8329 17182 11383 17183 11301 
3 6 11478 6496 11479 11449 5949 11369 
3 14 4380 5081 4513 577 12046 8085 8594 7440 6754 12010 8076 7962 12012 7637 
3 24 12010 11978 2778 8270 7112 11844 11821 5142 4267 11704 214 11685 4615 11650 11644 4894 11589 2598 4954 11498 3067 17180 17181 17183 
3 12 11682 11689 11661 11633 9073 5808 11556 4263 6076 9439 4457 17181 
3 24 8413 5583 9045 2768 6398 12257 6487 12212 5360 12147 12115 315 6867 9174 11943 8965 888 11847 7410 11793 11761 11728 11696 9064 
3 23 8965 4648 11852 11837 11814 9367 2639 11686 11653 11615 11565 5439 6211 11538 5610 11508 8582 11447 1774 11400 6879 11428 11449 
3 11 4104 10834 10842 3163 8692 10918 3603 17330 17221 17216 2083 
3 11 10842 7398 10833 17204 12060 3228 8751 5776 3172 6200 10636 
3 19 8064 11162 3904 11213 11198 11209 7655 6883 11171 6535 5698 8080 5440 4868 6442 8795 11018 7643 17221 
3 18 11198 11229 8232 7868 11318 11350 11381 1701 11403 8014 2201 11459 6356 11521 8677 11585 11600 1231 
3 36 10284 10293 4735 8696 10359 10369 10390 10411 10440 10450 1590 5701 5982 8397 5163 10660 2940 10709 3281 5383 6221 2592 2064 10830 3458 10794 6168 9305 10798 10809 5516 3228 6415 243 10911 3603 
3 4 10390 4645 10321 6944 
3 25 10937 3159 10990 3693 550 8101 8952 8248 11072 7030 11111 11083 11054 7919 3907 7202 11084 5707 9165 2852 10994 4537 8546 11002 7643 
3 4 10937 5653 10906 2363 
3 13 2363 10869 5158 1229 17202 10898 10862 10828 6823 7357 9416 2275 2940 
3 10 2363 10837 10815 5901 5600 10752 7375 4182 3342 10635 
3 8 11111 11041 4209 8113 10983 5073 10874 10830 
3 5 8113 10953 5750 10927 10889 
3 6 10284 10256 1127 5175 1305 10235 
3 10 10390 1336 10420 8561 907 10501 5355 8504 6079 10635 
3 6 907 7512 2290 10555 7141 10558 
3 11 12269 8067 12213 12224 8879 8324 2288 8767 17296 17297 17298 
3 11 3559 8747 2847 1846 3999 8809 3637 11772 17323 924 7140 
3 12 3559 11451 8608 5507 7847 794 11177 11141 11108 394 6012 10998 
3 6 9208 10872 17336 11023 2357 10998 
3 11 9208 10787 9371 10711 4415 10718 10712 8371 17189 17191 6032 
3 5 10635 17195 17192 17194 6032 
3 17 17189 3405 17188 10719 8923 8701 10858 7038 9075 5174 10966 17341 2654 4926 1684 17196 3159 
3 14 10787 7674 10854 1128 8019 10962 4256 9418 17337 6779 10897 17344 9222 10858 
3 7 6032 10593 17193 3329 7977 3305 9116 
3 6 10284 9386 7081 3028 10367 10407 
3 11 10284 7616 4458 6332 10423 10488 9469 10528 10531 4583 3329 
3 13 10998 10982 10957 8939 3562 4533 10908 8972 5692 2974 9309 7097 10913 
3 14 11220 6494 4022 200 1817 11015 10977 597 6145 9072 10835 10783 9247 4321 
3 10 10913 10890 7160 10819 947 10765 4940 10725 5171 4321 
3 9 4940 5863 10616 10550 10519 10507 7271 8949 10417 
3 5 9247 8882 10767 3788 10806 
3 10 10417 10391 10343 10323 10290 9387 10246 10225 10202 923 
3 5 10417 7470 6009 4242 9285 
3 12 9116 9354 496 7022 7487 10387 10352 10378 10410 3297 6950 10417 
3 9 7022 2151 9466 6545 10522 10536 10508 10466 8949 
3 11 9208 7412 7686 6939 9053 10726 8035 6405 10608 9399 9466 
3 6 10536 898 10693 6335 10722 5703 
3 9 4321 10657 10592 266 6460 10486 1085 10426 10462 
3 10 10426 8815 10354 8045 10328 7511 6075 8537 7752 10202 
3 10 7487 10379 9014 10329 10298 10301 10297 5978 10263 4334 
3 13 10298 10313 10291 481 6945 7855 10230 6155 6091 10153 8338 10122 10110 
3 10 6091 10176 472 4164 8374 10168 7272 1531 4427 7365 
3 10 10230 10209 10211 10234 10213 4300 10207 10197 10220 1127 
3 4 5175 7391 10164 9411 
3 5 10197 10167 8166 9252 10129 
3 9 7977 1511 7911 4559 3065 10358 2721 8005 10313 
3 6 3065 7987 10395 8827 8160 10528 
2 17 1512 2994 12896 9274 8430 12866 5875 12810 4103 1550 12848 7454 252 12812 12806 12764 12770 
1 8 6294 8158 5148 12943 8819 3224 567 9346 
1 2 9346 5875 
2 3 8819 4341 9274 
1 5 6294 374 8323 13069 8515 
2 9 12691 8264 3027 12710 2303 12738 1605 101 12729 
1 5 1605 8063 1623 8274 12710 
1 2 12810 1623 
1 10 12691 8264 9199 12639 12620 7107 12559 7258 6510 12504 
2 12 12752 12772 12733 15 4124 1937 12734 8749 12750 12767 6558 6931 
1 2 4124 12778 
2 12 4124 12720 12687 12659 5615 12641 12632 12648 8470 2371 9357 6931 
1 2 6931 8037 
1 4 12659 12640 1021 6361 
1 8 4614 4827 12471 5356 12562 437 8676 3550 
1 4 4614 5987 5350 9442 
1 13 4614 8054 7067 9263 12498 3810 12544 4075 12592 12629 12667 2947 12691 
1 7 12629 3813 12647 12681 12705 3601 7360 
1 8 12691 8646 3951 12626 12596 8901 1464 12528 
1 7 12528 3749 12440 105 12330 12305 5735 
1 6 12498 1987 5677 6228 1187 12330 
2 2 1512 12903 
2 3 12903 12921 12924 
1 3 1623 5841 12848 
1 5 8470 12642 12624 12601 3360 
1 4 7825 8093 8080 5440 
2 5 12269 12238 12172 6450 12106 
3 7 548 2379 12266 12313 8056 6434 12413 
3 4 6875 5404 12481 12413 
3 3 2125 7776 6875 
2 6 12729 12703 7004 3880 3500 12770 
1 7 7004 8935 12594 12557 7746 80 5404 
1 5 5735 3586 6238 6166 5743 
1 4 12058 12068 5076 5743 
1 6 12058 8481 3053 8599 9168 7637 
2 10 11992 12054 7711 5675 17205 3083 8199 2128 12250 5735 
3 6 8300 11140 11103 5530 11016 2852 
3 3 8300 11217 6372 
3 5 8434 11329 4632 17353 6372 
3 12 11329 1184 11389 11401 2642 2089 11406 11385 11399 3419 9162 2040 
2 3 8434 11436 100 
2 4 100 8362 11492 11518 
3 7 2040 9262 11291 8498 11275 8816 11227 
1 4 11227 3113 5422 11130 
3 12 11130 7572 7135 7680 11253 8334 11310 3032 11238 7261 11259 3982 
3 6 11596 11628 5944 9467 1025 879 
3 10 11596 6745 1060 6157 124 5316 9254 11359 11344 3982 
1 10 11596 7544 1286 7427 7559 84 7553 6926 11254 11227 
1 10 383 11666 900 5714 11625 2032 4797 11599 11618 11596 
2 5 11882 8053 3178 11754 383 
2 4 7132 6886 11912 11882 
2 9 8053 7383 11838 11835 3602 11866 11850 7547 9226 
1 8 4864 7547 7411 607 9144 5637 1183 2410 
3 6 7547 4864 11762 8302 913 8871 
3 5 8871 9272 11436 8434 11329 
1 6 9286 204 11065 11033 17329 7643 
2 3 634 11250 6372 
3 4 6340 7972 6031 8395 
3 8 7972 11531 11507 11513 11487 6644 566 11329 
3 7 7972 11481 11441 11412 11372 11314 8885 
1 7 8885 11279 8137 4998 1913 3554 6442 
2 11 8871 5290 1113 11674 5713 6585 11805 6993 1575 4696 6276 
3 4 2410 11886 435 11802 
3 7 11301 11347 11315 11263 6150 11218 8064 
3 8 8064 11131 2891 11095 4763 11030 10989 11014 
3 9 2739 7497 8466 10656 10615 8601 8059 10482 10428 
1 4 11030 11070 4414 7163 
1 3 11198 7467 7403 
1 3 8175 9301 10979 
1 7 8175 7392 10945 10914 4498 10846 4104 
1 4 4104 8351 10723 769 
1 6 769 7787 8611 10745 10770 8351 
1 9 10428 10451 5746 3521 322 8927 10653 10667 769 
1 4 769 7539 8656 10571 
1 6 769 10637 2574 10564 8027 10520 
1 7 10734 4599 10812 8042 10901 9250 10971 
1 5 10734 10708 10666 10628 10549 
1 5 10549 5803 679 8030 3320 
1 5 8030 6451 10422 4685 10428 
1 3 3320 10334 1314 
1 8 10549 10542 7945 10503 10470 10461 4685 10428 
3 6 7460 6861 10848 8355 6135 8584 
3 6 11112 11081 9065 8978 10936 7460 
3 5 11112 7957 11192 11241 11270 
3 6 11270 11233 7883 17185 17184 11301 
1 10 7460 6861 356 5967 10963 4521 7532 17244 10989 11014 
1 5 10903 2217 9186 4048 10936 
1 3 10903 3782 10825 
1 4 17185 9181 7518 11175 
1 5 4399 11207 11183 7783 2984 
1 2 4399 7382 
1 4 2984 11068 5915 10976 
3 5 7485 11120 11113 3827 2984 
3 7 7485 11156 5434 11193 11210 11251 11270 
1 5 5434 3523 11286 11317 8750 
1 6 7485 11067 1483 10967 6600 10903 
1 8 7460 5768 8442 3059 9458 9433 8690 8228 
1 6 7128 8347 10490 9374 10573 5369 
3 7 8584 10732 2445 984 10674 10641 5369 
1 8 984 6527 4335 10583 10526 5099 966 7084 
1 3 10428 8425 8544 
1 4 7128 5839 10335 1314 
1 7 2739 7024 10748 10740 5754 4982 769 
1 6 7024 2304 10847 370 8017 10979 
1 4 6910 10885 3115 10979 
1 4 10748 9150 10790 6910 
1 2 6910 10846 
1 6 6910 10781 10746 10720 4982 769 
1 2 8059 3505 
1 5 11081 11043 11038 558 1483 
1 5 2739 8386 10810 10793 4599 
1 4 3163 17218 17217 2083 
1 5 2083 17215 17219 3246 8795 
1 6 11130 11109 2488 7642 11013 2654 
2 10 11329 4094 6053 11269 11248 11212 11195 11153 7585 3907 
2 8 2040 6702 1471 7445 6764 11603 11634 383 
1 14 11992 12030 729 11993 926 11980 449 7895 12038 6463 12071 12101 8821 6166 
1 2 11854 1575 
1 9 6276 11832 4701 11775 9432 11731 11707 11676 1231 
1 5 4701 11836 7168 7374 2885 
1 4 11802 7477 5203 11674 
1 2 5713 8395 
2 6 6340 1956 11530 3145 5223 11419 
3 8 11441 8414 6432 11294 17352 8731 11208 9286 
1 3 634 8912 11294 
2 10 2040 11287 3093 11222 11185 11145 8110 11069 11029 3693 
2 10 11212 7262 917 8471 2936 6828 6426 11313 948 3093 
1 6 6426 11244 7230 5455 1915 8248 
1 7 1684 3949 11102 9403 4464 4316 11227 
1 7 4316 3203 3045 11165 2673 9281 8110 
1 8 84 11384 6850 2485 11365 11337 11362 2040 
2 5 7261 7085 587 11089 8099 
1 8 11141 1295 11159 2480 4993 5605 11076 8099 
2 5 3732 1461 11049 8215 597 
1 5 8215 807 10951 4199 10890 
1 4 9172 4743 7220 1817 
1 5 5951 7612 9059 10988 10977 
2 12 11220 11194 1350 6057 7220 11035 9059 8503 10910 5182 10832 10806 
1 6 11600 11557 11520 11482 6859 9039 
1 9 6276 11790 8786 2478 8633 6104 9407 2470 6340 
1 5 11089 11121 11160 2629 7680 
1 6 11259 8205 7023 5005 4993 5605 
1 6 7572 2550 8777 11050 11005 9418 
1 6 7642 7002 7465 17343 17344 9222 
2 8 3500 12749 12737 6918 7556 12666 8672 9055 
2 5 9055 8174 788 12542 80 
1 5 8672 4467 5154 2498 4249 
1 5 252 12795 3983 12751 12729 
1 4 12729 12697 9324 12658 
2 9 7776 12551 12532 12502 9317 12475 12450 6812 12397 
2 8 12397 3528 4036 5390 5048 12286 12279 12269 
2 9 12224 12246 1320 6755 1950 3685 12202 12186 8767 
2 22 2974 9453 7628 11053 11087 7826 353 1532 7636 4581 1781 11440 4212 70 8153 11592 11609 11639 11687 11698 8657 11766 
3 11 7140 11864 5608 11845 7431 11825 11796 6115 11788 11766 4570 
2 9 7140 25 2400 11950 591 12025 8787 17345 12106 
1 7 8324 8774 12145 12121 5370 2804 12106 
2 3 8809 2213 4570 
2 7 7458 11587 11627 7408 11744 7484 924 
2 5 7458 11480 2703 11396 11344 
1 4 7458 2170 11606 1846 
2 4 3559 4014 11540 70 
2 5 1532 7027 11235 11252 794 
1 6 3221 12496 5777 8957 5827 8721 
1 5 12630 5556 8190 12637 7599 
1 5 2331 2087 12342 8661 12397 
2 3 12371 12347 2331 
2 9 12106 3881 7647 8588 12191 9188 12275 7235 2087 
1 3 4036 803 9188 
2 6 12191 12153 12134 12099 9166 4434 
2 6 7039 12079 6107 12078 7188 4434 
2 5 9078 6594 11977 12003 6107 
2 5 11882 6835 5023 11909 9078 
2 7 12371 6225 4383 6977 4348 8029 12413 
1 3 2974 5763 4814 
1 2 5959 4863 
2 6 8656 7727 10626 7351 9171 6200 
1 4 8751 2388 5563 7351 
1 10 11992 17240 10958 12018 12035 17232 3313 4962 17210 2410 
1 8 12035 12061 6241 12067 7528 2464 6402 548 
1 10 11992 17237 17238 8327 17239 6888 11892 11869 2531 11854 
1 7 8885 11278 2176 11240 8731 17357 8300 
1 5 8885 3248 7903 4201 11419 
3 7 11014 17245 10971 6147 10895 3317 2739 
1 9 17245 10992 11020 11007 7799 830 4153 11011 9301 
1 10 3258 17285 3177 6302 17276 17311 17308 17304 6050 4863 
1 5 5959 2493 17282 7930 8867 
1 5 6302 17280 17283 7930 8867 
3 5 8867 17291 17292 17295 11825 
1 4 4863 17302 17300 17298 
3 5 8867 17290 17251 17294 3258 
3 4 3258 17247 17253 7673 
1 7 5608 11931 6646 7979 17281 9377 8867 
1 7 17281 17318 17314 17310 12033 17305 17302 
1 8 7673 17253 17249 5601 17261 17264 11743 11766 
1 11 7673 17255 4205 11746 17270 11742 11660 11626 8714 6049 11563 
1 2 11746 11721 
3 10 2288 12116 4736 17267 17256 6318 6394 5623 17321 7140 
1 4 879 6936 924 7140 
1 5 8099 6289 10999 10961 8019 
1 4 5605 7734 17335 10961 
1 4 2550 6388 8604 7642 
1 4 4790 9039 11448 11419 
1 5 7825 11415 11288 11346 4790 
