1 266 
1 295 
1 769 
1 830 
1 907 
1 1127 
1 1590 
1 1623 
1 2083 
1 2363 
1 2400 
1 2484 
1 2493 
1 2550 
1 2739 
1 2852 
1 2984 
1 3228 
1 3281 
1 3329 
1 3405 
1 3559 
1 3828 
1 3907 
1 4182 
1 4199 
1 4267 
1 4291 
1 4321 
1 4334 
1 4380 
1 4614 
1 4920 
1 5048 
1 5163 
1 5360 
1 5369 
1 5440 
1 5605 
1 5703 
1 5750 
1 6032 
1 6050 
1 6091 
1 6115 
1 6155 
1 6200 
1 6302 
1 6318 
1 6361 
1 6405 
1 6796 
1 6823 
1 6827 
1 6875 
1 6910 
1 7024 
1 7140 
1 7163 
1 7272 
1 7434 
1 7458 
1 7511 
1 7637 
1 7642 
1 7643 
1 7655 
1 7673 
1 8076 
1 8101 
1 8175 
1 8413 
1 8470 
1 8515 
1 8584 
1 8594 
1 8611 
1 8677 
1 8750 
1 8809 
1 8819 
1 8867 
1 8988 
1 9116 
1 9208 
1 9274 
1 9286 
1 9418 
1 10129 
1 10202 
1 10284 
1 10290 
1 10298 
1 10390 
1 10417 
1 10426 
1 10428 
1 10549 
1 10558 
1 10639 
1 10656 
1 10666 
1 10711 
1 10719 
1 10767 
1 10810 
1 10830 
1 10858 
1 10872 
1 10897 
1 10898 
1 10936 
1 10937 
1 10962 
1 10977 
1 10989 
1 10998 
1 11029 
1 11131 
1 11198 
1 11218 
1 11252 
1 11270 
1 11301 
1 11315 
1 11347 
1 11381 
1 11449 
1 11453 
1 11565 
1 11682 
1 11696 
1 11721 
1 11837 
1 11907 
1 11943 
1 11983 
1 12033 
1 12106 
1 12231 
1 12246 
1 12261 
1 12397 
1 12431 
1 12498 
1 12564 
1 12684 
1 12689 
1 12691 
1 12729 
1 12770 
1 12806 
1 12843 
1 17181 
1 17182 
1 17195 
1 17218 
1 17251 
1 17281 
1 17298 
1 2590
1 8199
1 4696
1 11419
1 4632
1 2040
1 2642
1 478
1 7972
1 8302
1 5713
1 11866
1 12003


