
state={
	id=1
	name="STATE_1"

	history={
		owner = GER
		add_core_of = GER
		buildings = {
			infrastructure = 5

		}

	}

	provinces={
		41 72 89 161 183 195 213 251 263 278 284 289 352 359 410 450 594 659 674 743 750 752 762 813 914 963 1056 1188 1203 1245 1345 1354 1404 1416 1529 1624 1645 1839 1845 1861 1893 2070 2114 2144 2173 2204 2378 2535 2612 2670 2742 2769 2776 2788 2814 2865 2874 2945 2999 3035 3112 3128 3136 3204 3283 3307 3328 3370 3460 3463 3481 3486 3557 3656 3709 3730 3817 3863 3864 3905 3933 4013 4056 4143 4179 4207 4285 4314 4356 4395 4422 4516 4527 4543 4620 4653 4747 4757 4758 4786 4861 5002 5156 5194 5274 5289 5388 5410 5451 5471 5505 5545 5578 5665 5679 5694 5723 5759 5801 5870 5888 5934 5965 5973 6058 6077 6117 6167 6187 6231 6247 6250 6252 6312 6533 6650 6703 6849 6884 6917 6980 6986 7231 7314 7330 7335 7373 7536 7633 7646 7760 7768 7769 7778 7806 7875 7889 7920 7968 7970 8040 8211 8418 8549 8683 8788 8954 8987 9017 9177 9192 9214 9296 9323 9614 9619 9626 9636 9637 9658 9668 9672 9691 9693 9699 9704 9707 9713 9718 9722 9730 9733 9738 9747 9748 9751 9752 9756 9758 9765 9774 9779 9784 9798 9799 9803 9826 9834 9842 9849 9856 9860 9869 9872 9897 9907 16859 16871 16966 17018 17034 17035 17036 17037 
	}
	manpower=79365000
	buildings_max_level_factor=1.000
	state_category=town
	local_supplies=0.000
}
