state={
	id=11
	name="STATE_11"
	provinces={
		254 266 357 472 481 496 554 571 600 699 854 898 903 947 1085 1194 1199 1520 1521 1531 1656 1759 1776 1980 2099 2146 2151 2203 2206 2262 2296 2517 2529 2553 2621 2664 2689 2721 2754 3084 3149 3217 3229 3247 3297 3305 3332 3344 3385 3487 3669 3731 3734 3736 3788 3871 4030 4052 4053 4085 4160 4164 4242 4300 4313 4321 4334 4396 4427 4493 4494 4501 4502 4514 4541 4582 4669 4711 4845 4878 4940 4942 4958 5112 5121 5126 5137 5150 5155 5171 5339 5357 5414 5427 5437 5459 5470 5484 5536 5588 5657 5703 5712 5781 5788 5831 5863 5966 5978 5999 6009 6036 6056 6075 6091 6133 6155 6176 6197 6213 6310 6335 6378 6383 6405 6438 6460 6489 6514 6545 6604 6686 6758 6815 6945 6950 7022 7172 7178 7194 7217 7221 7271 7272 7301 7323 7326 7343 7401 7430 7435 7470 7487 7498 7511 7537 7584 7631 7714 7752 7761 7793 7797 7855 7873 7973 8005 8035 8039 8045 8077 8086 8105 8166 8168 8219 8226 8231 8266 8283 8318 8338 8374 8505 8537 8539 8551 8578 8583 8718 8735 8754 8790 8815 8853 8866 8877 8882 8883 8893 8896 8929 8949 8994 9000 9014 9053 9096 9115 9116 9134 9149 9218 9233 9247 9252 9283 9285 9287 9343 9350 9354 9387 9388 9399 9411 9466 10093 10100 10108 10112 10118 10120 10122 10128 10129 10132 10138 10139 10140 10146 10153 10157 10161 10162 10163 10164 10165 10166 10167 10168 10169 10171 10173 10174 10176 10177 10178 10179 10181 10190 10193 10195 10196 10197 10201 10202 10207 10209 10211 10212 10213 10217 10218 10220 10222 10225 10227 10228 10229 10230 10233 10234 10240 10246 10250 10251 10252 10262 10263 10268 10271 10274 10278 10282 10286 10287 10288 10290 10291 10296 10297 10298 10301 10308 10309 10313 10315 10318 10323 10324 10328 10329 10343 10347 10351 10352 10354 10357 10358 10364 10366 10375 10376 10378 10379 10380 10387 10389 10391 10398 10399 10403 10410 10416 10417 10426 10427 10431 10432 10439 10441 10455 10466 10468 10471 10477 10479 10483 10484 10486 10487 10507 10508 10509 10519 10522 10527 10536 10544 10545 10550 10557 10567 10570 10575 10576 10577 10592 10595 10607 10608 10616 10619 10625 10633 10650 10657 10658 10663 10671 10686 10692 10693 10714 10722 10725 10726 10739 10755 10759 10765 10767 10773 10783 10786 10791 10800 10806 10845 10866 
	}
    
    history={
		owner = SLV
		add_core_of = SLV
	}
    
	manpower=1994084
	state_category=town
	buildings_max_level_factor=1.000
}
