
state={
	id=12
	name="STATE_12"

	history={
		owner = CRO
        buildings = {
            infrastructure = 5
            arms_factory = 2
            industrial_complex = 1
        }
		add_core_of = CRO

		victory_points = {
			4863	 10.0 
		}

	}

	provinces={
		24 70 134 200 203 204 244 252 330 353 362 394 486 505 519 550 597 683 725 793 794 803 807 819 849 907 953 978 991 1035 1052 1055 1127 1128 1149 1214 1230 1295 1305 1318 1320 1328 1336 1350 1379 1461 1463 1511 1532 1559 1569 1577 1582 1590 1613 1637 1709 1722 1760 1781 1795 1817 1843 1913 1915 1948 1950 1984 1993 2064 2087 2125 2275 2288 2290 2299 2315 2331 2357 2363 2397 2428 2453 2461 2493 2498 2552 2555 2592 2677 2680 2804 2852 2857 2876 2920 2928 2940 2964 2974 3022 3028 3051 3065 3177 3198 3200 3221 3258 3281 3329 3342 3405 3442 3458 3475 3495 3500 3525 3528 3559 3562 3609 3685 3703 3713 3732 3791 3811 3839 3862 3875 3881 3907 3972 4014 4015 4022 4036 4077 4089 4095 4147 4151 4165 4182 4195 4199 4205 4209 4212 4218 4223 4233 4236 4249 4324 4354 4365 4376 4415 4449 4458 4467 4482 4508 4533 4537 4552 4559 4581 4583 4594 4606 4645 4690 4735 4736 4737 4743 4769 4814 4863 4867 4875 4920 4930 4941 4950 4953 4998 5038 5048 5073 5091 5092 5110 5151 5154 5158 5163 5174 5175 5178 5182 5231 5317 5355 5370 5380 5383 5390 5402 5419 5443 5507 5516 5530 5531 5548 5556 5598 5600 5601 5609 5628 5630 5669 5692 5701 5707 5719 5750 5763 5777 5786 5800 5805 5815 5827 5901 5916 5922 5930 5939 5951 5959 5982 5997 6008 6012 6032 6042 6049 6050 6057 6078 6079 6086 6087 6096 6145 6168 6208 6218 6221 6234 6301 6302 6319 6328 6332 6336 6350 6380 6394 6395 6401 6415 6427 6428 6450 6473 6494 6517 6544 6575 6580 6630 6669 6680 6687 6704 6740 6753 6755 6812 6822 6826 6856 6875 6882 6905 6918 6920 6939 6961 7003 7021 7027 7030 7036 7038 7044 7046 7068 7081 7088 7097 7099 7106 7123 7130 7131 7141 7153 7160 7179 7180 7189 7196 7202 7220 7235 7265 7270 7275 7281 7288 7295 7350 7357 7375 7391 7400 7412 7429 7433 7469 7501 7506 7512 7525 7556 7566 7570 7582 7587 7592 7593 7599 7612 7616 7628 7636 7639 7647 7673 7674 7686 7716 7723 7750 7770 7772 7776 7782 7800 7819 7826 7842 7847 7865 7879 7905 7908 7911 7919 7921 7930 7944 7952 7977 7979 7987 7994 8007 8022 8026 8062 8067 8091 8101 8113 8116 8122 8123 8137 8144 8153 8160 8167 8190 8206 8208 8215 8217 8220 8248 8251 8255 8258 8272 8276 8277 8298 8324 8341 8364 8371 8375 8390 8397 8422 8431 8457 8503 8504 8546 8561 8586 8588 8608 8632 8648 8657 8661 8672 8674 8696 8701 8706 8714 8721 8732 8753 8766 8767 8774 8781 8787 8796 8827 8830 8843 8876 8879 8900 8908 8923 8939 8952 8953 8955 8957 8972 8992 9010 9034 9037 9050 9059 9062 9072 9075 9130 9131 9141 9156 9165 9167 9170 9172 9188 9208 9222 9231 9253 9286 9305 9309 9317 9326 9328 9351 9353 9371 9377 9381 9386 9395 9409 9416 9419 9421 9453 9462 9469 10210 10254 10256 10258 10264 10269 10272 10273 10284 10292 10293 10302 10307 10316 10321 10339 10344 10346 10359 10360 10367 10368 10369 10372 10390 10392 10395 10400 10407 10411 10418 10420 10423 10437 10440 10445 10450 10469 10472 10478 10480 10481 10488 10489 10497 10501 10505 10510 10511 10515 10528 10531 10532 10533 10534 10548 10555 10558 10559 10562 10579 10582 10587 10593 10596 10609 10617 10620 10621 10622 10634 10635 10639 10643 10644 10647 10651 10659 10660 10664 10669 10672 10673 10679 10680 10683 10690 10694 10695 10699 10704 10709 10711 10712 10715 10718 10719 10727 10729 10730 10736 10743 10744 10747 10752 10753 10756 10760 10761 10766 10768 10769 10771 10772 10774 10775 10779 10780 10787 10788 10789 10792 10794 10797 10798 10803 10807 10809 10811 10815 10819 10820 10822 10830 10832 10835 10836 10837 10838 10839 10844 10851 10853 10854 10855 10857 10858 10859 10862 10865 10867 10869 10872 10873 10874 10880 10881 10884 10886 10887 10889 10890 10891 10892 10897 10902 10906 10907 10908 10909 10910 10913 10915 10916 10917 10921 10922 10923 10924 10925 10927 10928 10947 10948 10950 10951 10953 10957 10958 10960 10965 10966 10970 10977 10978 10982 10983 10984 10988 10994 10998 11000 11012 11015 11016 11017 11023 11033 11035 11037 11040 11041 11049 11051 11053 11054 11059 11062 11064 11065 11071 11072 11073 11080 11083 11084 11086 11087 11091 11094 11100 11101 11103 11107 11108 11111 11127 11133 11134 11139 11141 11144 11152 11159 11177 11184 11190 11191 11194 11216 11220 11234 11235 11246 11252 11256 11258 11274 11279 11289 11295 11307 11312 11335 11356 11417 11440 11451 11540 11563 11574 11592 11609 11626 11637 11639 11649 11660 11687 11697 11698 11721 11733 11742 11743 11746 11803 11843 11872 11919 12033 12044 12060 12098 12102 12106 12107 12116 12120 12121 12130 12145 12172 12173 12183 12186 12189 12191 12196 12202 12213 12217 12224 12238 12246 12253 12263 12269 12275 12279 12286 12287 12293 12311 12331 12342 12362 12370 12380 12381 12387 12397 12399 12403 12406 12409 12415 12418 12419 12439 12450 12475 12476 12496 12502 12532 12551 12599 12612 12619 12630 12637 12665 12666 12690 12718 12737 12749 12764 12770 12795 12806 12812 12865 12877 13923 13924 13925 13926 13927 13928 13929 13930 13931 13932 13933 13934 13935 13936 13937 13938 13939 13940 13941 13942 13943 13944 13945 13946 13947 13948 13949 13950 13951 13952 13953 13954 13955 13956 13957 13958 13959 13960 13961 13962 13963 13964 13965 13966 13967 16988 17168 17170 
	}
	manpower=3000000
	buildings_max_level_factor=1.000
	state_category=town
}
