state={
	id=131
	name="STATE_131"
	resources={
        aluminium=23.000
        steel=13.000
    }
	provinces={
		803 819 1320 1569 1843 1950 2087 2125 2331 2876 3051 3221 3528 3862 3881 4036 4089 4508 4552 4769 4930 5048 5178 5390 5402 5777 5805 5827 5916 6350 6450 6755 6812 6875 6920 7189 7235 7647 7776 7865 7908 7994 8022 8067 8167 8206 8341 8588 8661 8721 8879 8953 8957 9188 9253 9317 12107 12172 12173 12183 12189 12191 12213 12217 12224 12238 12246 12253 12263 12269 12275 12279 12286 12287 12293 12311 12331 12342 12362 12370 12380 12381 12387 12397 12399 12403 12406 12409 12415 12418 12419 12439 12450 12475 12476 12496 12502 12532 12551 12599 12612 12619 13957 13958 13959 13960 13961 13962 
	}
	history={
		owner = CRO
        buildings = {
            infrastructure = 5
            arms_factory = 1
            industrial_complex = 1
        }
		add_core_of = CRO
	}
	manpower=392554
	buildings_max_level_factor=1.000
    state_category = town
}
