state={
	id=134
	name="STATE_134"
	provinces={
		70 330 353 394 1055 1532 1613 1781 2299 2315 2357 2552 2857 2974 3198 3442 3559 3562 3791 3875 4014 4151 4212 4324 4482 4533 4581 4814 4950 5531 5692 5763 5800 6008 6012 6087 6096 6336 6544 6575 6680 6687 6753 7021 7027 7088 7097 7106 7131 7160 7288 7628 7636 7826 7842 8116 8153 8220 8255 8375 8608 8632 8657 8939 8972 8992 9141 9167 9309 9328 9381 9409 9421 9453 10771 10819 10857 10865 10886 10890 10891 10907 10908 10913 10915 10921 10947 10957 10958 10960 10982 10998 11012 11023 11053 11062 11071 11080 11087 11100 11101 11108 11134 11139 11141 11177 11184 11190 11234 11235 11252 11256 11274 11289 11307 11312 11335 11356 11417 11440 11451 11540 11592 11609 11639 11687 11698 13923 13925 13926 13927 13928 13929 13930 13931 13933 
	}
	history={
		owner = CRO
        buildings = {
            infrastructure = 4
            arms_factory = 0
            industrial_complex = 1
        }
		add_core_of = CRO
		victory_points = {
			1532 12
			}
			victory_points = {
				10913 21
				}
				victory_points = {
					3559 10
					}
					victory_points = {
						11252 10
						}
	}
	manpower=345858
	buildings_max_level_factor=1.000
    state_category = town
}
