state={
	id=135
	name="Istra"
	provinces={
		1613 2315 6008 6753 9381 9409 11234 11312 11356 13928 13929 13930 13931 13933 200 362 597 807 1214 1350 1461 1577 1817 1993 2453 2677 2920 2928 3495 3732 3839 3972 4022 4690 4743 4941 5182 5231 5669 5951 6057 6145 6494 6704 6856 7036 7220 7501 7525 7612 7782 8215 8217 8457 8503 8796 9059 9072 9172 10822 10832 10835 10836 10844 10853 10909 10910 10925 10950 10951 10965 10977 10988 11015 11035 11049 11051 11086 11107 11127 11133 11144 11194 11216 11220 11246 13924 
	}
	history={
		owner = CRO
        buildings = {
            infrastructure = 5
            arms_factory = 0
            industrial_complex = 1
        }
		add_core_of = CRO
	}
	manpower=125454
	buildings_max_level_factor=1.000
    state_category = town
}
