state={
	id=136
	name="Zagreb"
	resources={
        aluminium=35.000
        steel=25.000
    }
	provinces={
		24 519 683 725 1035 1052 1230 1328 1379 1511 1722 1760 1984 2363 2461 2964 3022 3065 3329 3342 3405 3475 4182 4195 4223 4415 4559 4583 4875 5038 5158  5443 5600 5628 5653 5719 5901 5922 6032 6042 6079 6086 6517 6669 6882 6905 6939 7038 7044 7123 7180 7270 7275 7281 7295 7375 7412 7433 7582 7587 7639 7674 7686 7723 7911 7952 7977 7987 8007 8062 8123 8160 8208 8277 8371 8504 8701 8766 8827 8830 8876 8900 8923 8955 9075 9170 9208  9351 9371 9469 10346 10395 10437 10445 10480 10497 10510 10515 10528 10531 10532 10559 10587 10593 10609 10620 10621 10622 10635 10639 10643 10647 10651 10659 10664 10672 10673 10679 10683 10694 10704 10711 10712 10718 10719 10727 10729 10730 10736 10743 10752 10760 10768 10779 10787 10788 10789 10792 10807 10815 10820 10837 10838 10851 10858 10859 10869 10872 10892 10900 10906 10923  
	}
	history={
		owner = CRO
        buildings = {
            infrastructure = 5
            arms_factory = 1
            industrial_complex = 2
        }
		add_core_of = CRO

		victory_points = {
			10651	 65 
		}

	}
	manpower=785025
	buildings_max_level_factor=1.000
    state_category = town
}
