
state={
	id=15
	name="STATE_15"
	provinces={
		23 28 46 60 79 109 125 136 139 155 158 176 189 275 290 299 302 326 377 389 391 395 406 414 415 423 436 443 452 493 498 506 512 522 523 526 527 556 573 612 618 640 653 654 687 690 749 754 758 759 760 763 796 815 837 857 933 935 956 975 983 1017 1045 1061 1073 1092 1101 1130 1132 1135 1151 1153 1189 1201 1212 1217 1234 1247 1251 1298 1301 1324 1326 1338 1346 1349 1352 1368 1376 1393 1423 1425 1434 1441 1473 1478 1586 1606 1617 1631 1632 1641 1646 1649 1654 1665 1678 1679 1682 1690 1696 1719 1735 1736 1743 1748 1783 1847 1864 1875 1876 1902 1909 1925 1945 1952 1967 2004 2005 2007 2008 2036 2052 2067 2069 2078 2081 2096 2139 2140 2166 2167 2188 2226 2235 2242 2252 2263 2282 2307 2316 2328 2329 2342 2404 2418 2420 2433 2468 2472 2481 2482 2501 2513 2522 2547 2548 2573 2595 2633 2667 2674 2694 2714 2737 2749 2750 2803 2828 2835 2849 2859 2915 2931 2938 2956 2968 2985 3016 3017 3018 3064 3089 3091 3094 3139 3150 3157 3160 3263 3284 3287 3306 3314 3323 3348 3362 3417 3420 3474 3533 3538 3590 3593 3611 3622 3634 3670 3675 3681 3691 3692 3744 3757 3770 3836 3838 3852 3853 3891 3900 3911 3912 3925 3965 3994 4010 4045 4046 4063 4066 4079 4086 4099 4102 4118 4132 4154 4185 4244 4258 4276 4288 4289 4304 4305 4326 4332 4384 4398 4405 4419 4426 4437 4455 4466 4548 4553 4572 4612 4683 4686 4698 4728 4739 4742 4752 4775 4781 4793 4800 4815 4880 4893 4907 4923 4938 4949 4969 4994 5013 5049 5083 5098 5125 5138 5141 5153 5201 5211 5235 5237 5261 5276 5288 5294 5310 5318 5324 5351 5354 5363 5408 5431 5457 5501 5538 5539 5592 5640 5642 5682 5684 5722 5742 5756 5832 5873 5884 5891 5907 5921 5926 5940 5955 5957 5961 5969 5995 5998 6006 6007 6024 6027 6044 6082 6106 6149 6160 6178 6190 6203 6219 6253 6272 6275 6288 6300 6331 6345 6355 6363 6367 6384 6408 6440 6444 6466 6479 6503 6508 6538 6546 6597 6598 6633 6663 6665 6712 6720 6732 6742 6747 6817 6820 6831 6837 6852 6853 6904 6963 6983 6991 7010 7042 7166 7267 7279 7309 7322 7337 7364 7372 7390 7437 7438 7455 7503 7515 7575 7577 7685 7690 7773 7812 7853 7856 7863 7864 7885 7887 7980 7985 7988 8000 8003 8048 8055 8075 8084 8089 8092 8106 8114 8132 8183 8187 8197 8214 8229 8243 8252 8261 8291 8301 8337 8349 8365 8380 8405 8439 8440 8468 8487 8502 8520 8559 8568 8603 8619 8654 8698 8705 8733 8762 8794 8799 8810 8813 8828 8837 8852 8859 8888 8902 8925 8947 8956 8979 8995 9016 9020 9080 9102 9138 9255 9282 9288 9333 9361 9390 9425 11605 11779 11782 11809 11827 11828 11834 11877 11889 11894 11901 11902 11930 11935 11965 11971 11991 12013 12019 12031 12032 12034 12047 12069 12077 12083 12095 12100 12118 12124 12129 12144 12148 12151 12157 12165 12181 12182 12207 12216 12218 12220 12223 12236 12237 12245 12258 12259 12290 12291 12292 12297 12324 12326 12338 12352 12353 12355 12360 12361 12367 12373 12379 12390 12393 12427 12434 12437 12442 12443 12453 12474 12501 12508 12521 12556 12569 12571 12575 12584 12587 12597 12598 12604 12610 12611 12622 12623 12628 12631 12636 12651 12656 12661 12671 12677 12680 12701 12711 12726 12727 12731 12736 12739 12757 12758 12759 12768 12773 12781 12782 12787 12800 12815 12816 12821 12828 12833 12836 12839 12847 12857 12862 12867 12868 12882 12883 12886 12887 12893 12894 12900 12901 12902 12909 12910 12911 12913 12914 12917 12918 12923 12927 12928 12929 12931 12944 12952 12955 12957 12962 12967 12972 12974 12975 12977 12982 12984 12987 12994 13004 13008 13010 13015 13017 13018 13027 13039 13046 13050 13057 13060 13064 13067 13107 13118 13134 13150 13161 13168 13169 13182 13193 13194 13212 13238 13257 16937 17021 17090 17091 17097 17171 17173 17174 17175 
	}
    
    history={
		owner = BUL
		add_core_of = BUL
	}
    
	manpower=8668540
	state_category=town
	buildings_max_level_factor=1.000
}
