
state={
	id=16
	name="STATE_16"

	history={
		owner = SER
		add_core_of = SER

	}

	provinces={
		15 249 257 374 437 567 1016 1021 1028 1464 1512 1550 1623 1635 1737 1900 1937 1987 2000 2097 2303 2514 2733 2906 2947 2993 2994 3027 3124 3224 3491 3515 3550 3601 3663 3719 3749 3776 3810 3813 3951 3957 4054 4075 4097 4103 4124 4333 4341 4465 4476 4500 4549 4614 4668 4827 4981 5011 5147 5148 5356 5566 5574 5585 5615 5617 5677 5782 5841 5875 5876 5945 5988 6043 6047 6146 6156 6181 6228 6257 6262 6294 6317 6361 6396 6506 6743 6843 6949 6956 6971 7067 7094 7100 7102 7107 7200 7321 7360 7361 7415 7454 7472 7479 7482 7603 7781 8054 8088 8158 8196 8223 8264 8274 8282 8310 8323 8325 8381 8385 8430 8470 8509 8515 8560 8572 8576 8646 8676 8819 8901 8988 9001 9041 9123 9199 9251 9263 9274 9300 9346 9402 9447 12284 12335 12375 12391 12435 12440 12456 12459 12466 12471 12492 12498 12499 12506 12513 12514 12526 12528 12530 12531 12544 12547 12555 12560 12562 12578 12588 12592 12596 12600 12606 12607 12614 12620 12626 12627 12629 12632 12634 12639 12640 12641 12642 12644 12647 12648 12652 12657 12659 12667 12674 12681 12682 12684 12685 12687 12691 12696 12704 12705 12710 12712 12720 12722 12730 12733 12745 12746 12752 12755 12756 12772 12776 12777 12778 12799 12801 12802 12810 12814 12817 12818 12822 12825 12834 12835 12845 12848 12856 12863 12866 12876 12896 12903 12921 12939 12943 12949 12960 12969 12996 13029 13069 13079 13092 16874 16901 16911 16954 17099 17101 17103 17104 17105 
	}
	manpower=627665
	buildings_max_level_factor=1.000
	state_category=town
}
