
state={
	id=19
	name="STATE_19"
	provinces={
		3 4 5 19 36 52 77 102 116 137 146 164 172 234 240 264 300 304 314 323 334 342 360 371 376 382 393 400 426 430 438 439 442 453 454 470 474 491 516 525 528 530 538 549 551 562 563 574 620 622 624 627 636 657 658 667 682 689 718 722 724 732 733 735 741 751 753 764 775 783 795 799 808 816 820 826 829 842 846 859 862 875 881 890 891 949 955 959 960 967 970 986 990 1024 1037 1044 1059 1065 1072 1095 1112 1121 1123 1138 1140 1144 1145 1148 1155 1206 1241 1244 1253 1258 1270 1276 1297 1310 1313 1316 1364 1365 1389 1395 1431 1452 1470 1482 1484 1495 1500 1513 1525 1526 1538 1544 1549 1555 1556 1558 1560 1596 1600 1601 1603 1609 1622 1630 1651 1662 1667 1720 1721 1733 1742 1767 1772 1804 1820 1836 1837 1853 1854 1856 1857 1872 1881 1886 1917 1930 1939 1968 1969 1973 1985 1998 2012 2013 2028 2033 2075 2077 2088 2091 2092 2093 2102 2103 2106 2109 2120 2122 2127 2155 2156 2174 2182 2202 2221 2229 2231 2238 2244 2267 2272 2291 2292 2321 2323 2362 2372 2373 2376 2396 2401 2427 2435 2439 2441 2446 2477 2492 2504 2512 2525 2536 2541 2546 2549 2557 2569 2588 2600 2607 2608 2623 2632 2669 2686 2706 2717 2718 2723 2752 2759 2774 2775 2794 2797 2807 2818 2829 2844 2851 2863 2878 2893 2894 2901 2962 2963 3050 3069 3072 3076 3103 3104 3105 3114 3147 3168 3188 3195 3197 3234 3236 3240 3252 3254 3256 3264 3268 3298 3308 3311 3312 3318 3339 3350 3358 3367 3368 3378 3383 3394 3415 3440 3452 3480 3492 3503 3507 3512 3514 3537 3569 3647 3650 3660 3700 3711 3722 3723 3733 3735 3754 3762 3773 3778 3801 3805 3845 3893 3895 3902 3923 3926 3927 3958 3959 3984 4006 4023 4029 4038 4042 4074 4098 4115 4131 4133 4139 4186 4235 4239 4241 4250 4252 4253 4270 4271 4272 4287 4296 4297 4322 4327 4337 4353 4372 4381 4386 4387 4393 4402 4421 4432 4445 4472 4499 4506 4517 4520 4532 4554 4562 4564 4577 4623 4634 4644 4655 4656 4658 4680 4692 4703 4704 4705 4707 4713 4723 4729 4749 4785 4788 4831 4839 4841 4842 4846 4848 4854 4871 4877 4901 4910 4929 4943 4944 4945 4970 4972 4973 4974 4984 5021 5044 5046 5064 5088 5130 5144 5168 5189 5208 5224 5227 5239 5265 5278 5281 5307 5314 5320 5329 5330 5331 5337 5364 5372 5391 5438 5464 5468 5472 5508 5515 5549 5593 5594 5614 5631 5632 5648 5654 5710 5724 5730 5737 5769 5778 5779 5854 5865 5872 5881 5894 5896 5897 5932 5968 5991 6025 6051 6085 6098 6105 6109 6123 6125 6130 6152 6159 6205 6209 6222 6239 6292 6325 6326 6362 6369 6377 6399 6433 6435 6448 6457 6471 6488 6490 6513 6524 6525 6568 6570 6620 6641 6674 6675 6682 6723 6724 6735 6737 6750 6776 6805 6839 6842 6847 6851 6868 6878 6898 6899 6908 6968 6973 6976 7015 7057 7062 7066 7069 7090 7095 7120 7127 7136 7143 7201 7204 7215 7219 7228 7248 7282 7304 7307 7353 7363 7367 7368 7397 7418 7419 7425 7428 7447 7457 7462 7475 7516 7520 7522 7535 7568 7591 7627 7660 7669 7707 7732 7743 7757 7790 7791 7820 7839 7866 7869 7886 7893 7899 7907 7912 7938 7951 7955 7991 7992 7995 7997 8081 8100 8143 8149 8188 8189 8263 8275 8288 8297 8316 8320 8322 8357 8366 8378 8394 8400 8429 8469 8547 8552 8589 8605 8653 8694 8702 8709 8725 8738 8759 8831 8836 8839 8865 8887 8894 8895 8985 8999 9033 9076 9087 9088 9095 9099 9114 9118 9124 9137 9145 9163 9179 9200 9211 9223 9230 9264 9302 9319 9327 9341 9414 9420 9461 12968 12979 12991 13025 13031 13033 13047 13074 13076 13089 13120 13136 13137 13156 13162 13164 13184 13187 13189 13195 13202 13220 13222 13223 13229 13232 13236 13237 13239 13246 13249 13258 13259 13261 13262 13266 13276 13283 13315 13325 13337 13356 13359 13361 13362 13363 13386 13395 13412 13419 13440 13446 13454 13470 13483 13501 13505 13506 13508 13520 13521 13531 13532 13542 13552 13558 13567 13582 13583 13586 13593 13600 13602 13606 13620 13623 13629 13633 13637 13640 13646 13651 13666 13670 13673 13676 13677 13680 13681 13686 13690 13698 13707 13716 13719 13724 13725 13726 13727 13732 13733 13735 13739 13742 13745 13746 13750 13751 13752 13755 13756 13757 13761 13762 13763 13764 13769 13774 13775 13778 13779 13783 13785 13787 13788 13789 13791 13796 13797 13798 13799 13802 13803 13804 13805 13808 13812 13813 13817 13818 13824 13828 13830 13837 13841 13853 13855 13856 13859 13863 13864 13866 13868 13875 13880 13887 13888 13890 13892 13895 13896 13897 13899 13905 13908 13910 13968 13969 13971 13972 13976 13980 13998 13999 14038 14041 14046 14052 16864 16872 16873 16876 16897 16903 16928 16942 16957 16979 16986 16996 17001 17118 17120 17121 17123 17134 17135 17136 17137 17139 17148 17154 17157 17176 
	}
    
    history={
		owner = TUR
		add_core_of = TUR
	}
    
	manpower=56302037
	buildings_max_level_factor=1.000
	state_category=town
}
