
state={
	id=2
	name="STATE_2"
	provinces={
		6 16 31 64 135 148 201 223 268 277 321 331 338 349 358 417 497 503 535 547 637 642 652 655 661 672 708 748 770 801 817 838 861 872 873 874 911 1014 1034 1048 1077 1137 1218 1219 1277 1300 1418 1421 1451 1455 1487 1499 1515 1587 1597 1644 1647 1724 1814 1842 1844 1899 1920 1932 1947 1983 1996 2001 2035 2043 2116 2134 2210 2276 2286 2385 2399 2421 2496 2521 2537 2558 2596 2616 2627 2641 2649 2708 2836 2862 2880 2967 3007 3033 3044 3143 3175 3300 3338 3412 3425 3517 3547 3683 3689 3784 3807 3823 3997 4011 4012 4040 4088 4106 4137 4150 4168 4204 4210 4247 4283 4311 4329 4378 4391 4433 4540 4592 4622 4661 4718 4765 4783 4826 4909 4915 4971 4986 4996 5062 5080 5169 5198 5217 5262 5292 5296 5312 5336 5340 5343 5349 5467 5490 5506 5511 5557 5575 5580 5798 5898 5943 6127 6199 6248 6251 6270 6341 6343 6414 6417 6454 6552 6574 6582 6629 6651 6871 6951 7126 7145 7150 7154 7222 7266 7291 7312 7524 7638 7664 7675 7724 7765 7774 7897 7947 8034 8038 8165 8182 8194 8234 8411 8511 8545 8741 8805 8860 8934 8966 8968 9094 9228 9295 9445 9478 9479 9480 9481 9482 9483 9502 9504 9505 9507 9508 9512 9516 9524 9525 9528 9529 9534 9535 9538 9541 9543 9547 9548 9558 9559 9561 9565 9567 9568 9570 9583 9589 9590 9595 9596 9600 9601 9606 9608 9615 9620 9621 9627 9628 9629 9630 9631 9633 9635 9639 9641 9651 9657 9673 9677 9681 9687 16868 16899 16936 16980 
	}
    history={
		owner = CZE
		add_core_of = CZE
		buildings = {
			infrastructure     = 5
		}
	}
    
	manpower=10363000
	state_category=town
	buildings_max_level_factor=1.000
}
