
state={
	id=20
	name="STATE_20"
	provinces={
		48 150 174 212 217 233 316 510 518 572 611 639 720 844 858 877 1191 1204 1225 1360 1474 1519 1547 1565 1612 1616 1620 1706 1739 1775 1868 1898 1962 1986 2025 2039 2123 2158 2162 2168 2198 2208 2259 2334 2355 2403 2408 2449 2450 2511 2606 2691 2753 2879 2899 2910 2942 2997 3062 3081 3121 3179 3184 3196 3266 3301 3364 3379 3576 3578 3587 3657 3708 3727 3742 3771 3786 3915 3937 3955 3960 3967 3974 4062 4072 4110 4119 4138 4171 4278 4342 4382 4425 4462 4470 4478 4568 4600 4714 4721 4808 4812 4881 4883 4895 4896 4933 4985 5039 5060 5097 5128 5129 5188 5221 5247 5266 5301 5344 5466 5483 5518 5519 5541 5558 5570 5613 5661 5676 5705 5726 5728 5784 5834 5844 5849 5902 5918 5950 5971 6095 6103 6140 6182 6184 6189 6233 6244 6287 6298 6347 6409 6423 6467 6482 6504 6550 6609 6618 6621 6676 6692 6748 6761 6824 6832 6865 6870 6937 6948 7014 7078 7104 7105 7121 7170 7225 7252 7297 7344 7345 7355 7377 7387 7507 7576 7590 7602 7644 7662 7810 7813 7860 7881 7981 7990 8001 8015 8021 8032 8128 8151 8162 8204 8236 8246 8267 8346 8417 8452 8553 8573 8581 8597 8622 8625 8629 8668 8700 8717 8727 8838 8840 8862 8872 8884 8889 8913 8916 8933 8960 8975 8982 9004 9018 9038 9049 9104 9125 9147 9151 9210 9337 9342 9345 9352 9364 9431 9470 12933 12934 12938 12946 12948 12951 12954 12961 12964 12966 12971 12976 12986 12988 12989 12990 12997 13000 13001 13002 13003 13005 13006 13007 13012 13014 13020 13022 13024 13026 13028 13030 13032 13037 13038 13045 13053 13054 13056 13058 13059 13062 13063 13071 13072 13075 13077 13078 13081 13082 13083 13088 13091 13093 13094 13098 13099 13102 13103 13106 13111 13112 13113 13114 13117 13121 13122 13123 13124 13127 13128 13129 13132 13133 13135 13139 13141 13143 13144 13145 13146 13148 13152 13153 13154 13155 13160 13165 13166 13172 13173 13174 13175 13176 13177 13180 13181 13185 13186 13188 13192 13196 13197 13199 13201 13204 13205 13206 13207 13209 13213 13215 13219 13226 13228 13231 13235 13240 13241 13245 13247 13248 13250 13253 13256 13260 13263 13264 13268 13269 13272 13273 13274 13277 13278 13281 13284 13286 13287 13289 13291 13292 13293 13294 13297 13301 13302 13304 13305 13310 13311 13313 13314 13317 13318 13320 13321 13324 13329 13330 13333 13336 13339 13345 13348 13349 13351 13353 13354 13366 13368 13371 13379 13388 13390 13394 13402 13411 13415 13418 13429 13431 13435 13444 13448 13451 16863 16870 16889 16913 16914 16916 16917 16918 16940 16948 16994 17116 17117 17119 17122 17124 17125 17126 17127 
	}
    
    history={
		owner = MAC
		add_core_of = MAC
	}
    
	manpower=1
	state_category=town
	buildings_max_level_factor=1.000
}
