
state={
	id=21
	name="STATE_21"
	provinces={
		1 10 17 47 53 59 68 88 91 114 115 121 122 123 206 211 219 225 237 241 245 250 256 297 303 309 312 332 347 373 407 418 445 467 469 485 492 529 540 544 606 608 615 633 638 641 644 662 670 673 678 684 693 694 698 706 715 719 721 723 739 742 747 755 767 776 798 809 828 860 905 906 915 928 936 952 954 982 987 993 1000 1003 1005 1050 1054 1062 1099 1114 1115 1117 1120 1131 1163 1166 1172 1198 1227 1239 1271 1285 1353 1366 1399 1410 1430 1447 1459 1496 1503 1506 1523 1524 1534 1542 1543 1552 1554 1568 1583 1602 1638 1658 1669 1674 1675 1693 1694 1698 1708 1713 1744 1765 1766 1771 1808 1815 1840 1851 1855 1869 1904 1907 1916 1923 1954 1965 1966 2060 2068 2074 2090 2101 2129 2137 2138 2161 2175 2191 2192 2193 2207 2233 2258 2266 2279 2285 2297 2302 2332 2333 2339 2354 2358 2366 2416 2434 2443 2462 2490 2497 2503 2510 2523 2524 2551 2605 2610 2651 2671 2687 2705 2725 2727 2730 2735 2740 2771 2772 2781 2802 2806 2838 2850 2855 2867 2868 2892 2921 2923 2929 2943 2961 2965 2970 3004 3019 3043 3056 3086 3111 3146 3158 3182 3185 3192 3207 3215 3223 3231 3250 3274 3275 3286 3310 3321 3345 3361 3375 3399 3404 3410 3414 3431 3436 3450 3478 3493 3501 3513 3518 3529 3551 3561 3581 3589 3605 3619 3621 3633 3640 3651 3658 3667 3678 3679 3686 3718 3761 3769 3779 3797 3816 3821 3847 3855 3858 3861 3868 3898 3932 3935 3936 3938 3948 3962 3969 3976 3978 4035 4050 4057 4078 4087 4092 4093 4170 4184 4198 4211 4230 4240 4251 4269 4274 4275 4307 4325 4338 4340 4343 4364 4377 4424 4468 4484 4487 4488 4497 4505 4510 4524 4536 4547 4551 4576 4584 4652 4670 4687 4700 4710 4762 4768 4803 4829 4888 4891 4906 4916 4951 4952 4963 5012 5024 5050 5056 5057 5089 5102 5122 5157 5165 5166 5179 5180 5187 5205 5216 5232 5244 5255 5263 5279 5280 5283 5284 5346 5382 5416 5428 5432 5452 5456 5460 5481 5486 5495 5498 5502 5504 5537 5540 5553 5569 5577 5595 5634 5635 5689 5731 5739 5783 5797 5802 5809 5810 5812 5820 5845 5864 5868 5887 5889 5890 5933 5960 5963 5984 5989 6004 6011 6016 6034 6046 6188 6210 6216 6242 6280 6283 6284 6313 6354 6373 6425 6521 6536 6565 6593 6623 6626 6640 6643 6656 6671 6688 6709 6716 6728 6730 6736 6751 6775 6781 6782 6791 6810 6834 6893 6962 6984 6989 6999 7040 7051 7059 7098 7111 7151 7156 7173 7182 7208 7259 7292 7294 7302 7324 7340 7366 7369 7416 7420 7423 7426 7434 7442 7446 7468 7471 7495 7499 7526 7549 7560 7573 7579 7581 7608 7635 7661 7663 7692 7706 7722 7728 7729 7751 7759 7766 7775 7794 7896 7900 7901 7910 7940 7942 7954 7960 7984 8002 8011 8020 8041 8047 8068 8082 8087 8094 8103 8121 8124 8138 8176 8180 8192 8213 8278 8296 8299 8306 8317 8331 8332 8360 8382 8383 8424 8454 8491 8494 8507 8510 8523 8536 8564 8566 8612 8614 8615 8620 8623 8636 8640 8707 8715 8729 8758 8763 8765 8845 8847 8907 8911 8937 8938 8942 8950 8970 8984 9011 9043 9079 9082 9086 9089 9093 9109 9117 9127 9160 9190 9217 9227 9248 9256 9268 9269 9271 9275 9292 9330 9335 9340 9362 9363 9368 9383 9391 9434 9438 9450 13149 13163 13183 13216 13252 13265 13275 13279 13288 13296 13299 13312 13332 13340 13341 13357 13360 13364 13369 13374 13375 13377 13380 13383 13385 13392 13397 13401 13407 13421 13426 13442 13445 13449 13452 13457 13458 13464 13468 13472 13473 13474 13475 13477 13481 13482 13492 13494 13496 13500 13511 13513 13515 13533 13535 13537 13551 13553 13554 13557 13563 13575 13584 13585 13589 13592 13599 13612 13614 13622 13627 13631 13636 13648 13657 13659 13663 13665 13672 13678 13679 13682 13685 13688 13691 13694 13695 13696 13697 13699 13700 13701 13702 13703 13704 13706 13708 13709 13710 13712 13713 13714 13715 13717 13718 13720 13721 13722 13723 13731 13734 13736 13737 13738 13740 13741 13743 13744 13749 13753 13754 13759 13766 13767 13768 13771 13772 13773 13780 13784 13786 13790 13792 13793 13794 13801 13806 13807 13810 13811 13814 13815 13816 13821 13822 13823 13825 13827 13829 13832 13834 13836 13839 13840 13842 13845 13847 13849 13851 13852 13857 13858 13860 13862 13865 13872 13873 13874 13878 13884 13885 13889 13902 13911 13915 13916 13917 13977 13978 13979 13981 13982 13983 13984 13985 13986 13987 13988 13989 13990 13991 13992 13994 13996 13997 14000 14001 14003 14005 14008 14010 14011 14012 14014 14015 14016 14017 14021 14022 14023 14024 14025 14026 14027 14028 14029 14030 14031 14032 14033 14034 14035 14036 14037 14039 14040 14042 14043 14044 14045 14047 14048 14049 14050 14051 14053 14054 14055 14056 14057 14058 14059 14060 14061 14062 14063 14064 14065 14066 14067 14068 14069 14070 14071 14072 14073 14074 14075 14079 14081 16895 16896 16931 16934 16955 16958 16977 16983 17008 17014 17113 17114 17115 17128 17129 17130 17131 17132 17138 17140 17142 17143 17147 17149 17150 17151 17152 17177 17178 17179 
	}
    
    history={
		owner = GRE
		add_core_of = GRE
	}
    
	manpower=10161000
	state_category=town
	buildings_max_level_factor=1.000
}
