state={
	id=25
	name="STATE_25"
    resources={
        aluminium=15.000
        steel=10.000
    }
	
	provinces={
		25 224 243 432 508 591 714 924 1081 1229 1280 1730 1787 1789 1846 1884 2023 2041 2083 2170 2213 2388 2400 2480 2550 2654 2681 2690 2810 2847 3002 3159 3163 3172 3228 3246 3324 3369 3554 3568 3597 3603 3637 3693 3741 3748 3883 3953 3999 4256 4301 4401 4560 4570 4624 4628 4650 4849 4926 4993 5005 5184 5215 5230 5371 5400 5461 5542 5555 5563 5605 5608 5623 5653 5685 5776 6066 6115 6141 6200 6289 6318 6322 6388 6442 6481 6595 6646 6667 6683 6768 6779 6788 6794 6823 6936 7002 7047 7109 7140 7171 7177 7351 7398 7408 7431 7458 7465 7484 7510 7642 7643 7734 7747 7784 8019 8290 8490 8517 8554 8604 8692 8747 8751 8775 8776 8777 8795 8809 8867 9025 9040 9171 9277 9293 9312 9418 9464 10626 10696 10705 10802 10828 10833 10834 10842 10852 10896 10898 10900 10911 10918 10934 10935 10937 10938 10939 10961 10962 10987 10990 10991 10993 10999 11002 11005 11013 11018 11026 11027 11028 11029 11036 11042 11050 11052 11055 11069 11076 11078 11115 11150 11154 11182 11203 11257 11268 11468 11480 11488 11551 11587 11606 11627 11640 11692 11722 11744 11766 11772 11788 11796 11825 11845 11853 11855 11864 11876 11881 11924 11927 11931 11950 11961 11963 11976 11982 11987 12001 12008 12025 
	}
		history={
		owner = SE2
        buildings = {
            infrastructure = 5
            arms_factory = 1
            industrial_complex = 1
        }
		add_core_of = SE2
	}
	manpower=2000000
	buildings_max_level_factor=1.000
        state_category = rural
		
}
