
state={
	id=4
	name="STATE_4"
	provinces={
		2 11 27 44 61 63 69 71 73 94 119 130 154 163 170 185 186 215 216 220 226 232 236 248 255 262 271 281 282 306 307 313 317 327 344 363 372 378 386 396 397 398 409 421 444 466 475 479 504 517 533 539 545 564 579 584 598 599 616 629 647 660 669 675 677 686 705 707 727 736 737 738 757 771 773 822 840 852 855 866 868 871 934 965 977 985 988 1020 1031 1036 1038 1040 1042 1057 1071 1082 1102 1106 1111 1116 1139 1146 1156 1158 1168 1171 1175 1177 1186 1197 1210 1222 1224 1236 1240 1242 1246 1268 1284 1291 1293 1296 1299 1303 1307 1311 1322 1325 1335 1370 1371 1372 1373 1383 1396 1409 1413 1414 1419 1435 1450 1458 1494 1502 1527 1536 1557 1570 1572 1591 1594 1595 1598 1615 1659 1673 1677 1681 1731 1749 1753 1769 1782 1823 1828 1829 1835 1841 1860 1865 1877 1878 1892 1912 1918 1929 1933 1963 2003 2010 2016 2030 2044 2051 2055 2061 2076 2130 2131 2154 2186 2187 2189 2212 2222 2224 2230 2246 2278 2281 2294 2300 2305 2308 2318 2322 2327 2337 2343 2344 2352 2364 2370 2390 2393 2409 2412 2417 2419 2425 2432 2436 2437 2444 2457 2459 2476 2486 2505 2539 2543 2544 2570 2575 2579 2584 2602 2604 2611 2619 2643 2658 2660 2675 2684 2688 2696 2704 2713 2716 2726 2744 2761 2762 2764 2766 2779 2785 2796 2808 2816 2821 2873 2902 2948 2971 2996 3000 3003 3023 3025 3030 3042 3046 3052 3060 3070 3073 3087 3092 3135 3152 3153 3169 3183 3187 3190 3193 3199 3233 3235 3255 3267 3277 3282 3309 3316 3331 3349 3389 3397 3403 3407 3408 3435 3438 3439 3443 3447 3456 3494 3499 3502 3520 3527 3534 3544 3546 3565 3579 3604 3627 3688 3715 3720 3728 3751 3756 3790 3824 3835 3844 3849 3859 3869 3885 3896 3924 3931 3944 3971 4017 4041 4058 4067 4069 4114 4117 4167 4172 4208 4215 4226 4228 4238 4243 4257 4262 4268 4281 4298 4302 4317 4349 4358 4367 4390 4394 4400 4409 4411 4412 4413 4418 4438 4442 4473 4483 4529 4531 4542 4555 4565 4574 4595 4603 4626 4627 4637 4640 4641 4647 4649 4694 4699 4766 4792 4828 4850 4862 4882 4908 4921 4924 4925 4931 4955 4966 4977 5025 5028 5029 5061 5067 5074 5086 5105 5106 5113 5204 5228 5236 5253 5257 5260 5267 5286 5295 5303 5311 5315 5396 5405 5426 5429 5475 5487 5493 5517 5525 5528 5535 5551 5560 5568 5606 5612 5619 5683 5696 5708 5744 5774 5787 5794 5796 5821 5826 5829 5838 5851 5853 5856 5860 5935 5952 5953 5962 5975 5980 6015 6021 6026 6029 6061 6101 6111 6172 6192 6201 6260 6273 6303 6311 6314 6381 6389 6391 6397 6411 6445 6475 6480 6491 6500 6507 6516 6522 6531 6549 6572 6591 6610 6612 6614 6642 6679 6690 6701 6705 6708 6715 6738 6741 6744 6749 6770 6797 6801 6802 6825 6844 6854 6864 6869 6895 6907 6924 7056 7083 7101 7115 7162 7174 7195 7226 7237 7250 7257 7277 7299 7333 7339 7341 7380 7386 7444 7561 7651 7701 7703 7713 7719 7730 7786 7814 7821 7822 7836 7850 7878 7891 7902 7915 7928 7933 7937 7958 7961 7963 7967 8024 8083 8096 8130 8131 8159 8209 8242 8292 8293 8304 8328 8344 8388 8444 8467 8474 8476 8500 8519 8529 8540 8592 8598 8628 8662 8685 8693 8726 8778 8792 8833 8878 8928 8936 8944 8962 9006 9026 9061 9100 9129 9133 9148 9176 9184 9205 9234 9246 9273 9304 9331 9369 9373 9385 9394 9397 9400 9404 9415 9422 9428 9429 9430 9491 9492 9493 9494 9495 9496 9498 9500 9503 9509 9513 9514 9515 9519 9520 9522 9530 9531 9532 9545 9546 9550 9551 9555 9556 9562 9563 9566 9569 9573 9575 9576 9577 9580 9584 9587 9592 9594 9597 9599 9602 9603 9604 9605 9610 9611 9612 9616 9617 9622 9623 9624 9625 9634 9638 9643 9644 9645 9648 9649 9650 9656 9660 9666 9667 9669 9671 9675 9676 9683 9684 9686 9689 9690 9694 9696 9697 9700 9702 9705 9706 9708 9710 9712 9715 9717 9719 9724 9727 9736 9737 9741 9743 9744 9745 9749 9753 9754 9763 9764 9777 9780 9789 9790 9792 9802 9811 9821 9822 9836 9843 9847 9850 9873 9914 9934 9980 9998 10051 10061 10095 10098 10187 10231 10295 10327 10332 10409 10464 10465 10525 10574 10612 16865 16867 16880 16881 16888 16892 16902 16907 16912 16919 16927 16929 16933 16938 16965 16967 16968 16974 16976 16987 16989 16991 17005 17006 17010 17019 17023 17028 17030 17031 17041 17042 17044 17045 17046 17052 17053 17059 17061 17062 17063 17065 17067 17069 17070 17071 17160 
	}
    
    history={
		owner = UKR
		add_core_of = UKR
	}
    
	manpower=1
	state_category=town
	buildings_max_level_factor=1.000
}
