
state={
	id=5
	name="STATE_5"
	provinces={
		62 141 162 261 318 341 455 458 464 482 585 604 744 756 894 916 918 992 995 996 998 1010 1011 1076 1083 1090 1205 1232 1261 1269 1330 1363 1390 1429 1436 1467 1584 1666 1689 1802 1873 1887 1934 1949 2024 2065 2079 2094 2095 2149 2177 2179 2184 2195 2205 2241 2255 2284 2345 2360 2365 2367 2391 2509 2617 2656 2702 2780 2790 2800 2845 2869 2887 2926 2930 2976 3010 3110 3133 3205 3213 3226 3273 3289 3302 3374 3376 3393 3449 3455 3558 3560 3570 3595 3623 3659 3671 3738 3755 3760 3808 3872 3929 3954 3985 3986 3987 4007 4123 4196 4206 4232 4255 4362 4643 4666 4689 4693 4712 4799 4859 4870 4879 4884 4892 4912 5085 5120 5210 5454 5512 5520 5529 5559 5562 5627 5641 5658 5660 5729 5749 5753 5758 5760 5814 5878 6126 6138 6161 6217 6223 6256 6281 6305 6321 6407 6478 6512 6576 6586 6628 6632 6760 6985 7050 7142 7155 7157 7254 7308 7338 7451 7456 7500 7666 7754 8073 8129 8136 8184 8237 8294 8420 8437 8482 8496 8528 8567 8649 8904 8967 8973 8983 9024 9051 9054 9097 9180 9451 9468 9591 9607 9618 9640 9642 9647 9652 9653 9659 9661 9662 9663 9664 9665 9670 9674 9679 9682 9685 9688 9692 9695 9698 9701 9703 9711 9714 9725 9728 9729 9731 9732 9735 9740 9746 9750 9762 9768 9770 9778 9791 9796 9801 9806 9814 9841 9851 9866 9876 9883 9899 16975 17000 17032 
	}
    
    history={
		owner = SLO
		add_core_of = SLO
	}
    
	manpower=5314155
	state_category=town
	buildings_max_level_factor=1.000
}
