
state={
	id=561
	name="STATE_561"

	history={
		owner = GER
		add_core_of = GER
		buildings = {
			infrastructure = 5

		}

	}

	provinces={
		35 168 324 328 361 411 412 457 552 570 730 781 791 892 930 974 1018 1032 1250 1274 1282 1457 1581 1652 1668 1727 1740 1834 1978 2042 2118 2311 2707 2805 2817 2925 3118 3138 3354 3366 3462 3702 3825 3991 4021 4073 4126 4197 4323 4363 4385 4441 4450 4561 5033 5054 5063 5185 5219 5319 5522 5908 6067 6100 6110 6204 6346 6472 6578 6787 7026 7243 7311 7376 7604 7801 7828 7849 8146 8319 8367 8644 8846 8875 9071 9356 9476 9477 9501 9511 9521 9523 9526 9539 9552 9553 9557 9560 9564 9572 9582 9588 9598 9613 9632 9646 9654 9655 
	}
	manpower=1
	buildings_max_level_factor=1.000
	local_supplies=0.000
	state_category=town
}
