
state={
	id=6
	name="STATE_6"
	provinces={
		58 97 140 156 167 184 193 230 238 288 320 340 350 413 451 459 532 534 536 568 586 668 680 700 704 712 745 792 800 823 831 832 835 867 899 923 964 971 999 1006 1049 1069 1105 1154 1173 1196 1209 1220 1226 1243 1267 1294 1342 1367 1397 1398 1439 1442 1469 1475 1477 1516 1545 1562 1589 1604 1608 1618 1626 1628 1633 1634 1714 1726 1747 1785 1794 1824 1827 1849 1871 1880 1910 1972 2031 2063 2100 2132 2141 2150 2163 2164 2190 2199 2223 2225 2228 2245 2260 2306 2326 2340 2377 2380 2494 2532 2562 2566 2589 2601 2625 2630 2637 2647 2652 2659 2711 2748 2770 2793 2858 2870 2877 2886 2933 2937 2966 3068 3082 3127 3131 3144 3180 3230 3237 3278 3296 3327 3330 3336 3363 3402 3427 3464 3471 3482 3490 3498 3506 3508 3524 3541 3583 3610 3645 3652 3672 3764 3772 3819 3884 3901 3940 3956 3961 4037 4076 4090 4113 4127 4142 4292 4295 4389 4428 4436 4440 4481 4495 4515 4535 4580 4596 4636 4651 4654 4695 4708 4746 4772 4813 4825 4847 4874 4897 4904 4913 5007 5022 5032 5035 5069 5093 5103 5140 5226 5297 5322 5393 5398 5442 5445 5494 5496 5497 5550 5571 5579 5582 5591 5611 5622 5633 5639 5650 5673 5706 5718 5748 5764 5772 5793 5816 5825 5828 5835 5923 6018 6022 6028 6064 6153 6163 6175 6191 6265 6296 6299 6323 6329 6333 6337 6344 6353 6382 6459 6474 6476 6477 6484 6502 6528 6605 6606 6637 6685 6734 6765 6769 6786 6830 6892 6930 6969 6990 7007 7032 7063 7133 7147 7212 7223 7232 7255 7286 7317 7329 7365 7395 7486 7523 7541 7548 7564 7580 7586 7606 7625 7640 7648 7671 7689 7700 7726 7738 7755 7785 7796 7835 7848 7857 7906 7941 7975 7978 7993 8006 8023 8108 8127 8142 8145 8169 8227 8342 8404 8426 8514 8530 8534 8579 8607 8617 8638 8652 8673 8675 8755 8811 8857 9012 9110 9120 9121 9152 9161 9220 9249 9260 9297 9318 9441 9455 9475 9678 9680 9709 9720 9723 9734 9739 9755 9757 9760 9769 9772 9775 9781 9782 9785 9788 9795 9804 9805 9808 9809 9812 9815 9817 9820 9824 9827 9828 9829 9832 9835 9837 9838 9844 9845 9852 9861 9865 9870 9871 9877 9884 9891 9894 9898 9900 9905 9909 9912 9916 9919 9920 9931 9936 9937 9940 9942 9943 9949 9955 9957 9961 9964 9967 9975 9979 9981 9991 9993 10004 10007 10011 10017 10019 10023 10026 10028 10031 10037 10038 10040 10041 10042 10043 10044 10046 10055 10056 10058 10059 10062 10066 10067 10068 10069 10071 10072 10074 10075 10076 10079 10080 10084 10088 10090 10091 10094 10096 10099 10103 10104 10107 10110 10111 10114 10116 10123 10126 10135 10137 10152 10156 10189 16930 16935 16963 17038 17039 17040 17161 17164 
	}
    
    history={
		owner = AUS
		add_core_of = AUS
	}
    
	manpower=1
	state_category=town
	buildings_max_level_factor=1.000
}
