
state={
	id=7
	name="STATE_7"

	history={
		owner = MOL
		add_core_of = MOL
		buildings = {
			infrastructure = 5

		}

	}

	provinces={
		9 179 285 422 509 541 581 603 697 710 1162 1275 1306 1347 1359 1433 1448 1462 1670 1686 1695 1712 1741 1757 1764 1770 1908 1941 2017 2082 2121 2172 2247 2248 2251 2264 2349 2489 2542 2561 2581 2603 2644 2773 2824 2833 2866 2898 2900 2907 2946 2955 2969 3119 3244 3285 3315 3352 3395 3424 3468 3484 3530 3592 3664 3682 3706 3777 3818 3826 3854 3889 3908 4026 4027 4111 4161 4213 4231 4350 4370 4420 4435 4597 4602 4642 4657 4664 4709 4773 4779 4816 4820 4851 4866 4898 4992 4997 5132 5277 5365 5379 5381 5524 5607 5699 5954 5994 6134 6196 6212 6235 6258 6375 6453 6464 6532 6543 6615 6634 6648 6722 6997 7076 7316 7439 7610 7611 7702 7851 8008 8025 8097 8157 8254 8280 8350 8427 8455 8486 8679 8686 8712 8803 9189 9209 9213 9265 9401 9716 9721 9726 9742 9767 9771 9783 9793 9807 9825 9831 9888 9913 9928 9933 9939 9959 9973 9983 9987 10001 10009 10018 10054 10144 10159 10223 10257 10326 10356 10430 16960 16981 17016 17162 
	}
	manpower=4364000
	buildings_max_level_factor=1.000
	state_category=town
	local_supplies=0.000
}
