
state={
	id=8
	name="STATE_8"
	provinces={
		18 29 42 65 76 132 133 198 209 229 231 239 242 246 247 253 292 298 305 399 405 408 419 429 446 478 480 560 569 582 595 630 631 635 663 666 713 716 717 746 780 847 850 853 886 889 893 909 929 938 951 961 1009 1022 1063 1068 1074 1100 1104 1122 1157 1165 1174 1178 1193 1208 1256 1257 1314 1339 1343 1385 1392 1420 1493 1507 1574 1621 1648 1653 1663 1671 1676 1700 1711 1734 1738 1768 1784 1786 1791 1797 1805 1816 1818 1826 1831 1838 1858 1866 1890 1891 1958 1974 1989 1992 2006 2011 2046 2050 2073 2112 2145 2157 2160 2237 2256 2289 2298 2324 2330 2336 2341 2359 2374 2389 2405 2415 2431 2447 2473 2491 2508 2556 2564 2565 2576 2580 2587 2620 2635 2653 2655 2683 2685 2695 2697 2732 2736 2782 2784 2792 2809 2811 2815 2848 2922 2934 2949 2972 2973 2980 2981 3039 3047 3048 3049 3054 3057 3096 3107 3120 3129 3171 3173 3211 3218 3243 3280 3304 3322 3371 3377 3380 3386 3398 3430 3461 3465 3469 3479 3497 3582 3600 3613 3626 3631 3632 3648 3653 3666 3673 3694 3697 3707 3780 3783 3804 3806 3809 3815 3837 3842 3850 3851 3879 3897 3899 3919 3922 3945 3970 3990 3996 4028 4034 4060 4070 4071 4107 4116 4134 4158 4159 4178 4245 4254 4303 4312 4319 4345 4346 4371 4379 4417 4431 4459 4460 4511 4569 4591 4598 4607 4662 4665 4672 4674 4675 4682 4715 4720 4727 4730 4741 4745 4756 4770 4778 4780 4805 4806 4811 4852 4865 4869 4890 4902 4911 4922 4980 4999 5043 5055 5059 5078 5096 5104 5109 5143 5172 5176 5304 5321 5335 5345 5415 5420 5423 5430 5448 5474 5485 5509 5513 5544 5554 5561 5565 5573 5590 5596 5597 5636 5638 5644 5646 5695 5727 5790 5791 5799 5839 5846 5850 5883 5892 5913 5936 5941 5947 5976 5981 6001 6002 6023 6074 6083 6097 6139 6158 6164 6180 6185 6206 6207 6263 6269 6278 6290 6293 6297 6338 6342 6348 6349 6393 6400 6418 6431 6446 6495 6555 6579 6583 6645 6652 6658 6659 6677 6678 6695 6710 6717 6777 6778 6795 6848 6880 6881 6887 6897 6900 6903 6928 6932 6944 6955 6957 6958 6965 6988 7005 7006 7013 7028 7035 7052 7092 7093 7114 7158 7164 7165 7186 7227 7234 7300 7310 7352 7359 7379 7384 7399 7402 7414 7450 7466 7480 7491 7492 7504 7527 7542 7558 7562 7569 7597 7623 7693 7699 7718 7721 7731 7739 7748 7798 7830 7877 7888 7892 7914 7923 7982 8012 8013 8033 8079 8102 8111 8115 8126 8161 8179 8193 8225 8239 8245 8253 8262 8265 8273 8279 8312 8315 8353 8354 8358 8393 8416 8419 8436 8458 8462 8475 8484 8485 8488 8492 8518 8541 8544 8550 8557 8569 8591 8643 8651 8655 8680 8764 8769 8791 8849 8850 8891 8961 9063 9067 9081 9101 9108 9140 9191 9229 9240 9242 9294 9349 9360 9393 9448 9460 9759 9761 9773 9776 9786 9794 9797 9813 9816 9818 9830 9833 9839 9846 9848 9853 9854 9855 9857 9858 9862 9864 9868 9874 9875 9879 9882 9885 9893 9895 9896 9902 9903 9904 9906 9910 9915 9917 9918 9921 9922 9927 9929 9930 9932 9941 9944 9945 9946 9951 9953 9956 9958 9962 9965 9966 9968 9970 9971 9977 9982 9985 9986 9992 9994 9997 9999 10006 10008 10010 10012 10015 10021 10022 10024 10027 10029 10033 10035 10039 10045 10047 10048 10049 10050 10052 10057 10064 10065 10070 10077 10083 10085 10089 10102 10105 10115 10124 10127 10130 10131 10134 10141 10143 10147 10151 10154 10170 10182 10183 10186 10191 10194 10198 10199 10200 10204 10205 10208 10214 10226 10235 10236 10237 10241 10243 10249 10253 10255 10259 10260 10265 10266 10270 10275 10276 10279 10280 10289 10294 10299 10303 10304 10305 10310 10317 10319 10320 10325 10333 10334 10335 10340 10341 10345 10348 10349 10353 10355 10361 10365 10373 10374 10377 10381 10382 10383 10388 10393 10396 10401 10404 10412 10421 10433 10438 10442 10443 10446 10456 10457 10460 10463 10473 10474 10493 10512 10516 10523 10537 10541 10551 10552 10556 10563 10600 10603 10610 10636 10640 10652 16875 16909 16910 16952 16961 16962 16971 16982 17015 17048 17049 17050 17051 17054 17055 17056 
	}
    
    history={
		owner = HUN
		add_core_of = HUN
	}
    
	manpower=1
	state_category=town
	buildings_max_level_factor=1.000
}
